QBlade v0.963 64bit

 Calculated polar for: NACA 4418

 1 1 Reynolds number fixed          Mach number fixed         

 xtrf =   1.000 (top)        1.000 (bottom)
 Mach =   0.000     Re =     3.000 e 6     Ncrit =   9.000

  alpha     CL        CD       CDp       Cm    Top Xtr Bot Xtr   Cpmin    Chinge    XCp    
 ------- -------- --------- --------- -------- ------- ------- -------- --------- ---------
  -5.000  -0.0607   0.00711   0.00180  -0.0988  0.6522  0.0748  -1.7227   0.0000  -1.4563
  -4.500  -0.0061   0.00711   0.00170  -0.0987  0.6149  0.0755  -1.5179   0.0000  -16.4707
  -4.000   0.0509   0.00700   0.00160  -0.0990  0.5985  0.0799  -1.3164   0.0000   2.2639
  -3.500   0.1078   0.00685   0.00150  -0.0993  0.5937  0.0883  -1.1805   0.0000   1.1996
  -3.000   0.1584   0.00694   0.00144  -0.0984  0.5591  0.0954  -1.0721   0.0000   0.8869
  -2.500   0.2103   0.00705   0.00142  -0.0977  0.4993  0.1001  -0.9648   0.0000   0.7240
  -2.000   0.2676   0.00698   0.00139  -0.0981  0.4967  0.1157  -0.8552   0.0000   0.6218
  -1.500   0.3239   0.00684   0.00136  -0.0984  0.4934  0.1383  -0.8473   0.0000   0.5562
  -1.000   0.3773   0.00688   0.00137  -0.0980  0.4746  0.1628  -0.8936   0.0000   0.5105
  -0.500   0.4279   0.00701   0.00144  -0.0972  0.4400  0.1936  -0.9382   0.0000   0.4763
   0.000   0.4832   0.00711   0.00148  -0.0972  0.4040  0.1972  -0.9860   0.0000   0.4491
   1.500   0.6502   0.00688   0.00163  -0.0978  0.3899  0.2996  -1.1452   0.0000   0.3955
   2.000   0.6991   0.00734   0.00185  -0.0967  0.3534  0.3293  -1.1983   0.0000   0.3826
   2.500   0.7509   0.00761   0.00204  -0.0962  0.3037  0.3598  -1.2535   0.0000   0.3716
   3.000   0.8022   0.00783   0.00226  -0.0956  0.2859  0.3917  -1.3180   0.0000   0.3620
   3.500   0.8484   0.00827   0.00266  -0.0942  0.2491  0.4840  -1.3812   0.0000   0.3531
   4.000   0.8975   0.00855   0.00300  -0.0933  0.2312  0.5662  -1.4634   0.0000   0.3454
   4.500   0.9463   0.00894   0.00336  -0.0924  0.1960  0.6220  -1.5462   0.0000   0.3383
   5.000   0.9891   0.00925   0.00387  -0.0903  0.1692  0.7662  -1.6247   0.0000   0.3313
   5.500   1.0324   0.00943   0.00425  -0.0880  0.1480  0.8886  -1.7303   0.0000   0.3245
   6.000   1.0723   0.01020   0.00495  -0.0854  0.1190  0.9757  -1.8990   0.0000   0.3181
   6.500   1.1089   0.01127   0.00576  -0.0825  0.0785  1.0000  -2.0652   0.0000   0.3121
   7.000   1.1435   0.01225   0.00656  -0.0792  0.0500  1.0000  -2.2322   0.0000   0.3062
   7.500   1.1835   0.01287   0.00714  -0.0770  0.0461  1.0000  -2.4147   0.0000   0.3012
   8.000   1.2128   0.01370   0.00795  -0.0730  0.0426  1.0000  -2.5805   0.0000   0.2955
   8.500   1.2489   0.01458   0.00878  -0.0704  0.0387  1.0000  -2.7629   0.0000   0.2908
   9.000   1.2677   0.01618   0.01050  -0.0656  0.0342  1.0000  -2.9216   0.0000   0.2852
   9.500   1.3036   0.01726   0.01156  -0.0634  0.0279  1.0000  -3.1108   0.0000   0.2812
  10.000   1.3444   0.01814   0.01243  -0.0619  0.0252  1.0000  -3.3140   0.0000   0.2778
  10.500   1.3852   0.01903   0.01332  -0.0606  0.0250  1.0000  -3.5242   0.0000   0.2746
  11.000   1.4250   0.01997   0.01426  -0.0592  0.0248  1.0000  -3.7365   0.0000   0.2714
  11.500   1.4629   0.02102   0.01531  -0.0576  0.0246  1.0000  -3.9482   0.0000   0.2683
  12.000   1.4978   0.02223   0.01657  -0.0558  0.0248  1.0000  -4.1436   0.0000   0.2652
  12.500   1.4957   0.02576   0.02022  -0.0510  0.0248  1.0000  -4.2566   0.0000   0.2609
  13.000   1.5271   0.02732   0.02180  -0.0493  0.0247  1.0000  -4.4586   0.0000   0.2580
  13.500   1.5600   0.02887   0.02338  -0.0478  0.0246  1.0000  -4.6689   0.0000   0.2554
  14.000   1.5915   0.03058   0.02512  -0.0464  0.0245  1.0000  -4.8796   0.0000   0.2528
  14.500   1.6185   0.03279   0.02737  -0.0449  0.0244  1.0000  -5.0808   0.0000   0.2503
  15.000   1.6033   0.03952   0.03427  -0.0425  0.0243  1.0000  -5.1593   0.0000   0.2477
  15.500   1.6294   0.04184   0.03662  -0.0413  0.0241  1.0000  -5.3608   0.0000   0.2453
  16.000   1.6554   0.04416   0.03898  -0.0401  0.0240  1.0000  -5.5651   0.0000   0.2431
  16.500   1.6793   0.04684   0.04171  -0.0391  0.0238  1.0000  -5.7649   0.0000   0.2409
  17.000   1.6312   0.05787   0.05300  -0.0381  0.0237  1.0000  -5.7299   0.0000   0.2394
  17.500   1.6520   0.06066   0.05583  -0.0373  0.0235  1.0000  -5.9203   0.0000   0.2374
  18.000   1.6720   0.06335   0.05855  -0.0364  0.0232  1.0000  -6.1102   0.0000   0.2354
  18.500   1.6769   0.06783   0.06306  -0.0357  0.0202  1.0000  -6.2668   0.0000   0.2335
  19.000   1.5880   0.08543   0.08109  -0.0378  0.0230  1.0000  -6.0424   0.0000   0.2343
  19.500   1.5926   0.09014   0.08570  -0.0376  0.0174  1.0000  -6.1958   0.0000   0.2328
  20.000   1.6060   0.09393   0.08946  -0.0377  0.0144  1.0000  -6.3604   0.0000   0.2312
  20.500   1.6196   0.09779   0.09336  -0.0380  0.0128  1.0000  -6.5232   0.0000   0.2299
  21.500   1.5124   0.12474   0.12082  -0.0463  0.0128  1.0000  -6.2837   0.0000   0.2337
  22.000   1.5301   0.12778   0.12388  -0.0473  0.0126  1.0000  -6.4544   0.0000   0.2325
  22.500   1.5489   0.13060   0.12673  -0.0483  0.0125  1.0000  -6.6306   0.0000   0.2313
  23.000   1.5663   0.13310   0.12926  -0.0495  0.0124  1.0000  -6.8013   0.0000   0.2302
  23.500   1.5776   0.13644   0.13266  -0.0512  0.0123  1.0000  -6.9437   0.0000   0.2295
  24.000   1.5478   0.14642   0.14284  -0.0564  0.0122  1.0000  -6.8821   0.0000   0.2320
  24.500   1.5571   0.15061   0.14709  -0.0587  0.0121  1.0000  -7.0098   0.0000   0.2316
  25.500   1.5032   0.17199   0.16879  -0.0703  0.0121  1.0000  -6.8701   0.0000   0.2375
  26.000   1.5140   0.17640   0.17325  -0.0730  0.0120  1.0000  -6.9977   0.0000   0.2372
  26.500   1.5249   0.18082   0.17773  -0.0757  0.0121  1.0000  -7.1234   0.0000   0.2368
  27.500   1.4516   0.20988   0.20717  -0.0910  0.0120  1.0000  -6.7843   0.0000   0.2467
  28.000   1.4623   0.21467   0.21200  -0.0939  0.0119  1.0000  -6.9027   0.0000   0.2464
  28.500   1.4720   0.21963   0.21700  -0.0970  0.0118  1.0000  -7.0152   0.0000   0.2461
  31.000   1.3930   0.27689   0.27482  -0.1247  0.0115  1.0000  -6.9711   0.0000   0.2608
  31.500   1.3993   0.28244   0.28041  -0.1277  0.0114  1.0000  -7.1859   0.0000   0.2605
  32.000   1.3464   0.30402   0.30221  -0.1350  0.0113  1.0000  -6.8795   0.0000   0.2685
  32.500   1.3457   0.31083   0.30907  -0.1382  0.0113  1.0000  -7.0385   0.0000   0.2688
  33.000   1.3438   0.31756   0.31584  -0.1412  0.0112  1.0000  -7.1912   0.0000   0.2692


