QBlade v0.963 64bit

 Calculated polar for: NACA 4415

 1 1 Reynolds number fixed          Mach number fixed         

 xtrf =   1.000 (top)        1.000 (bottom)
 Mach =   0.000     Re =     3.000 e 6     Ncrit =   9.000

  alpha     CL        CD       CDp       Cm    Top Xtr Bot Xtr   Cpmin    Chinge    XCp    
 ------- -------- --------- --------- -------- ------- ------- -------- --------- ---------
  -5.000  -0.0694   0.00668   0.00170  -0.1033  0.7038  0.0800  -1.9971   0.0000  -1.2895
  -4.500  -0.0172   0.00660   0.00157  -0.1023  0.6842  0.0862  -1.7064   0.0000  -5.8934
  -4.000   0.0333   0.00650   0.00144  -0.1009  0.6598  0.0995  -1.4334   0.0000   3.3608
  -3.500   0.0843   0.00641   0.00134  -0.0997  0.6377  0.1158  -1.2174   0.0000   1.4587
  -3.000   0.1368   0.00636   0.00126  -0.0987  0.6176  0.1265  -1.0461   0.0000   0.9852
  -2.500   0.1879   0.00631   0.00120  -0.0975  0.5954  0.1442  -0.8835   0.0000   0.7765
  -2.000   0.2389   0.00626   0.00116  -0.0963  0.5747  0.1671  -0.7619   0.0000   0.6572
  -1.500   0.2913   0.00621   0.00112  -0.0954  0.5574  0.1886  -0.7269   0.0000   0.5792
  -1.000   0.3424   0.00623   0.00112  -0.0942  0.5355  0.2108  -0.7665   0.0000   0.5253
  -0.500   0.3951   0.00619   0.00112  -0.0934  0.5230  0.2373  -0.8086   0.0000   0.4853
   0.000   0.4457   0.00622   0.00115  -0.0921  0.5004  0.2672  -0.8520   0.0000   0.4546
   0.500   0.4983   0.00618   0.00118  -0.0913  0.4903  0.3003  -0.8968   0.0000   0.4303
   1.000   0.5485   0.00625   0.00124  -0.0900  0.4684  0.3345  -0.9442   0.0000   0.4104
   1.500   0.6000   0.00614   0.00129  -0.0890  0.4618  0.4001  -0.9952   0.0000   0.3940
   2.000   0.6454   0.00603   0.00140  -0.0869  0.4406  0.5227  -1.0473   0.0000   0.3795
   2.500   0.6926   0.00594   0.00152  -0.0850  0.4245  0.6285  -1.1037   0.0000   0.3670
   3.000   0.7366   0.00593   0.00168  -0.0824  0.4022  0.7302  -1.1596   0.0000   0.3556
   3.500   0.7777   0.00575   0.00182  -0.0791  0.3956  0.8536  -1.2366   0.0000   0.3448
   4.000   0.9064   0.00604   0.00224  -0.0957  0.3700  0.9787  -1.3979   0.0000   0.3481
   4.500   0.9725   0.00638   0.00248  -0.0981  0.3534  0.9933  -1.5053   0.0000   0.3428
   5.000   1.0429   0.00670   0.00272  -0.1015  0.3340  0.9972  -1.6206   0.0000   0.3387
   6.000   1.1555   0.00752   0.00328  -0.1024  0.2849  1.0000  -1.8490   0.0000   0.3287
   6.500   1.1864   0.00808   0.00364  -0.0974  0.2474  1.0000  -1.9376   0.0000   0.3215
   7.000   1.2158   0.00860   0.00403  -0.0921  0.2190  1.0000  -2.0364   0.0000   0.3144
   7.500   1.2384   0.00912   0.00441  -0.0853  0.1922  1.0000  -2.1752   0.0000   0.3069
   8.000   1.2660   0.00969   0.00486  -0.0799  0.1680  1.0000  -2.3377   0.0000   0.3003
   8.500   1.2968   0.01029   0.00535  -0.0752  0.1482  1.0000  -2.5248   0.0000   0.2945
   9.000   1.3328   0.01080   0.00581  -0.0717  0.1379  1.0000  -2.7284   0.0000   0.2895
   9.500   1.3672   0.01142   0.00638  -0.0680  0.1237  1.0000  -2.9320   0.0000   0.2847
  10.000   1.4037   0.01199   0.00693  -0.0649  0.1170  1.0000  -3.1471   0.0000   0.2804
  10.500   1.4357   0.01278   0.00766  -0.0612  0.1034  1.0000  -3.3555   0.0000   0.2759
  11.000   1.4717   0.01345   0.00833  -0.0583  0.0984  1.0000  -3.5790   0.0000   0.2721
  11.500   1.4990   0.01453   0.00933  -0.0543  0.0838  1.0000  -3.7844   0.0000   0.2678
  12.000   1.5241   0.01581   0.01055  -0.0502  0.0720  1.0000  -3.9880   0.0000   0.2636
  12.500   1.5472   0.01728   0.01197  -0.0462  0.0594  1.0000  -4.1888   0.0000   0.2596
  13.000   1.5677   0.01895   0.01359  -0.0422  0.0484  1.0000  -4.3848   0.0000   0.2557
  13.500   1.5854   0.02095   0.01555  -0.0383  0.0397  1.0000  -4.5743   0.0000   0.2520
  14.000   1.6107   0.02263   0.01728  -0.0356  0.0367  1.0000  -4.7893   0.0000   0.2489
  14.500   1.6291   0.02487   0.01953  -0.0326  0.0333  1.0000  -4.9886   0.0000   0.2457
  15.000   1.6434   0.02751   0.02220  -0.0296  0.0287  1.0000  -5.2058   0.0000   0.2426
  15.500   1.6599   0.03013   0.02489  -0.0272  0.0264  1.0000  -5.4329   0.0000   0.2399
  16.000   1.6780   0.03285   0.02770  -0.0253  0.0261  1.0000  -5.6711   0.0000   0.2374
  16.500   1.6922   0.03607   0.03098  -0.0235  0.0251  1.0000  -5.8967   0.0000   0.2351
  17.000   1.6997   0.04003   0.03501  -0.0218  0.0235  1.0000  -6.0973   0.0000   0.2328
  17.500   1.6993   0.04492   0.03995  -0.0202  0.0212  1.0000  -6.2634   0.0000   0.2306
  18.000   1.6960   0.05021   0.04536  -0.0190  0.0192  1.0000  -6.4105   0.0000   0.2287
  18.500   1.6922   0.05575   0.05104  -0.0182  0.0185  1.0000  -6.5565   0.0000   0.2269
  19.000   1.6868   0.06180   0.05725  -0.0179  0.0181  1.0000  -6.6952   0.0000   0.2255
  19.500   1.6798   0.06818   0.06380  -0.0180  0.0178  1.0000  -6.8257   0.0000   0.2242
  20.000   1.6689   0.07515   0.07093  -0.0185  0.0174  1.0000  -6.9857   0.0000   0.2232
  20.500   1.6530   0.08288   0.07883  -0.0195  0.0170  1.0000  -7.1315   0.0000   0.2225
  21.000   1.6477   0.08928   0.08532  -0.0208  0.0170  1.0000  -7.3431   0.0000   0.2219
  21.500   1.6342   0.09658   0.09275  -0.0223  0.0169  1.0000  -7.5009   0.0000   0.2215
  22.000   1.6294   0.10293   0.09921  -0.0238  0.0169  1.0000  -7.7104   0.0000   0.2211
  22.500   1.6125   0.11123   0.10765  -0.0264  0.0169  1.0000  -7.8377   0.0000   0.2214
  23.000   1.5939   0.11988   0.11646  -0.0295  0.0169  1.0000  -7.9472   0.0000   0.2220
  23.500   1.5894   0.12637   0.12305  -0.0321  0.0168  1.0000  -8.1488   0.0000   0.2222
  24.000   1.5717   0.13497   0.13180  -0.0359  0.0168  1.0000  -8.2501   0.0000   0.2233
  24.500   1.5528   0.14383   0.14081  -0.0404  0.0167  1.0000  -8.3325   0.0000   0.2249
  25.000   1.5514   0.14984   0.14690  -0.0436  0.0166  1.0000  -8.5445   0.0000   0.2254
  25.500   1.5335   0.15832   0.15552  -0.0488  0.0165  1.0000  -8.6162   0.0000   0.2275
  26.000   1.5171   0.16605   0.16339  -0.0544  0.0163  1.0000  -8.6849   0.0000   0.2299
  26.500   1.5160   0.17181   0.16922  -0.0585  0.0160  1.0000  -8.8813   0.0000   0.2309
  27.000   1.4944   0.18158   0.17914  -0.0651  0.0157  1.0000  -8.8859   0.0000   0.2343
  27.500   1.4905   0.18845   0.18607  -0.0700  0.0151  1.0000  -9.0478   0.0000   0.2359
  28.000   1.4667   0.19967   0.19742  -0.0773  0.0144  1.0000  -9.0056   0.0000   0.2400
  28.500   1.4380   0.21267   0.21054  -0.0855  0.0135  1.0000  -8.8918   0.0000   0.2451
  29.000   1.4239   0.22294   0.22087  -0.0921  0.0123  1.0000  -8.9149   0.0000   0.2486
  29.500   1.3943   0.23766   0.23571  -0.1008  0.0107  1.0000  -8.7438   0.0000   0.2546
  30.000   1.3591   0.25497   0.25320  -0.1103  0.0096  1.0000  -8.4700   0.0000   0.2620
  30.500   1.3623   0.26188   0.26016  -0.1147  0.0095  1.0000  -8.6610   0.0000   0.2631
  31.000   1.3319   0.27920   0.27764  -0.1234  0.0095  1.0000  -8.4071   0.0000   0.2702
  31.500   1.3344   0.28652   0.28501  -0.1279  0.0094  1.0000  -8.5845   0.0000   0.2713
  32.000   1.3367   0.29382   0.29236  -0.1323  0.0093  1.0000  -8.7635   0.0000   0.2723
  32.500   1.3014   0.31426   0.31296  -0.1410  0.0091  1.0000  -8.3876   0.0000   0.2805
  33.000   1.3020   0.32225   0.32098  -0.1454  0.0087  1.0000  -8.5373   0.0000   0.2817
  33.500   1.2974   0.33198   0.33073  -0.1502  0.0079  1.0000  -8.6125   0.0000   0.2838
  34.000   1.2014   0.37799   0.37691  -0.1619  0.0043  1.0000  -7.1456   0.0000   0.3041
  34.500   1.1970   0.38671   0.38566  -0.1652  0.0042  1.0000  -7.2314   0.0000   0.3053


