#    s        x        y     Ue/Vinf    Dstar     Theta      Cf       H
   0.00000  1.00000  0.00000  0.98402  0.005889  0.002075  0.000251     2.838
   0.02377  0.97722  0.00680  1.15829  0.001487  0.001041  0.005162     1.428
   0.04741  0.95444  0.01310  1.15138  0.001470  0.001018  0.005002     1.445
   0.07099  0.93166  0.01920  1.17603  0.001272  0.000901  0.005698     1.411
   0.09443  0.90888  0.02470  1.16388  0.001268  0.000885  0.005441     1.432
   0.11783  0.88610  0.03007  1.16929  0.001181  0.000824  0.005597     1.433
   0.14117  0.86333  0.03520  1.17027  0.001122  0.000775  0.005568     1.449
   0.16447  0.84055  0.04009  1.15831  0.001146  0.000757  0.004946     1.514
   0.18782  0.81777  0.04520  1.18215  0.001027  0.000663  0.005049     1.548
   0.21110  0.79499  0.05000  1.18314  0.001067  0.000624  0.003944     1.710
   0.23435  0.77221  0.05467  1.21118  0.001045  0.000544  0.003030     1.921
   0.25745  0.74943  0.05850  1.19867  0.001630  0.000557  0.000528     2.927
   0.28064  0.72665  0.06287  1.21041  0.001541  0.000526  0.000565     2.926
   0.30371  0.70387  0.06651  1.20967  0.001729  0.000525  0.000257     3.294
   0.32684  0.68109  0.07050  1.22788  0.001270  0.000483  0.001025     2.630
   0.34986  0.65831  0.07380  1.21911  0.001519  0.000494  0.000456     3.074
   0.37290  0.63554  0.07730  1.23662  0.001176  0.000456  0.001181     2.581
   0.39586  0.61276  0.08018  1.22723  0.001374  0.000466  0.000619     2.951
   0.41884  0.58998  0.08320  1.24364  0.001097  0.000430  0.001317     2.550
   0.44175  0.56720  0.08565  1.23617  0.001205  0.000434  0.000911     2.775
   0.46465  0.54442  0.08800  1.23961  0.001175  0.000422  0.000920     2.788
   0.48754  0.52164  0.09021  1.24677  0.001079  0.000403  0.001157     2.679
   0.51039  0.49886  0.09203  1.24295  0.001198  0.000402  0.000688     2.980
   0.53324  0.47608  0.09390  1.25227  0.001094  0.000382  0.000900     2.865
   0.55609  0.45330  0.09567  1.27652  0.000799  0.000339  0.002266     2.358
   0.57889  0.43052  0.09658  1.25719  0.000917  0.000349  0.001465     2.624
   0.60169  0.40774  0.09740  1.27258  0.000731  0.000317  0.002598     2.305
   0.62446  0.38497  0.09749  1.24818  0.000851  0.000330  0.001645     2.582
   0.64724  0.36219  0.09749  1.24667  0.000850  0.000320  0.001509     2.656
   0.67002  0.33941  0.09740  1.25413  0.000751  0.000299  0.002023     2.512
   0.69280  0.31663  0.09690  1.25412  0.000686  0.000283  0.002419     2.427
   0.71560  0.29385  0.09590  1.24048  0.000743  0.000281  0.001755     2.638
   0.73841  0.27107  0.09476  1.25116  0.000604  0.000254  0.002892     2.374
   0.76127  0.24829  0.09294  1.22903  0.000741  0.000260  0.001336     2.848
   0.78412  0.22551  0.09112  1.24749  0.000580  0.000229  0.002542     2.535
   0.80704  0.20273  0.08860  1.24590  0.000500  0.000208  0.003386     2.401
   0.83007  0.17995  0.08520  1.22670  0.000507  0.000199  0.002817     2.548
   0.85321  0.15718  0.08109  1.22195  0.000366  0.000170  0.005735     2.150
   0.87663  0.13440  0.07563  1.14914  0.000556  0.000191  0.001542     2.901
   0.90006  0.11162  0.07016  1.17229  0.000329  0.000147  0.005666     2.237
   0.92398  0.08884  0.06287  1.08546  0.000334  0.000145  0.004894     2.296
   0.94819  0.06606  0.05467  1.04777  0.000359  0.000128  0.002522     2.796
   0.97308  0.04328  0.04465  0.98740  0.000173  0.000084  0.010429     2.072
   0.98370  0.03417  0.03918  0.85413  0.000289  0.000105  0.002696     2.754
   0.99433  0.02506  0.03371  0.84227  0.000166  0.000073  0.007859     2.264
   1.00600  0.01595  0.02642  0.66095  0.000155  0.000070  0.006923     2.215
   1.01889  0.00683  0.01731  0.43084  0.000131  0.000056  0.004763     2.334
   1.02748  0.00228  0.01002  0.11660  0.000072  0.000032  0.002577     2.230
   1.03776  0.00000  0.00000 -0.71044  0.000072  0.000032  0.015701     2.230
   1.04368  0.00228 -0.00547 -0.91579  0.000117  0.000047  0.009975     2.467
   1.05152  0.00683 -0.01185 -1.30640  0.000083  0.000040  0.028122     2.101
   1.06185  0.01595 -0.01670 -1.31578  0.001696  0.000049 -0.001509    34.744
   1.07155  0.02506 -0.02005 -1.30363  0.002593  0.000066 -0.001107    39.427
   1.08106  0.03417 -0.02278 -1.23858  0.002782  0.000228 -0.000318    12.189
   1.09032  0.04328 -0.02440 -1.23986  0.127585  0.000141 -0.000338   903.829
   1.11352  0.06606 -0.02880 -1.23618  1.730657  0.001985 -0.000034   871.968
   1.13651  0.08884 -0.03189 -1.23548  2.673867  0.003213 -0.000021   832.173
   1.15945  0.11162 -0.03462 -1.23483  3.480703  0.004835 -0.000014   719.893
   1.18228  0.13440 -0.03620 -1.23428  4.194334  0.006561 -0.000010   639.239
   1.20509  0.15718 -0.03736 -1.23364  4.783512  0.008898 -0.000008   537.587
   1.22789  0.17995 -0.03840 -1.23303  5.306796  0.011405 -0.000006   465.315
   1.25068  0.20273 -0.03918 -1.23256  5.841669  0.013564 -0.000005   430.687
   1.27346  0.22551 -0.03940 -1.23314  6.902416  0.010500 -0.000006   657.400
   1.29624  0.24829 -0.03960 -1.23353 13.012572  0.000858 -0.000079 15160.566
   1.31902  0.27107 -0.03960 -1.23354 37.778721  0.000701 -0.000097 53887.090
   1.34180  0.29385 -0.03950 -1.23352 90.741592  0.001461 -0.000046 62114.309
   1.36458  0.31663 -0.03930 -1.23352157.545715  0.001507 -0.000045104542.977
   1.38737  0.33941 -0.03890 -1.23352254.868149  0.002045 -0.000033124622.484
   1.41016  0.36219 -0.03827 -1.23352387.832153  0.002066 -0.000033187731.547
   1.43295  0.38497 -0.03736 -1.23351527.098511  0.004057 -0.000017129916.875
   1.45574  0.40774 -0.03645 -1.23351694.222656  0.002584 -0.000026268625.625
   1.47854  0.43052 -0.03554 -1.23351987.968811  0.002806 -0.000024352153.281
   1.50134  0.45330 -0.03462 -1.23351**********  0.003511 -0.000019382205.094
   1.52414  0.47608 -0.03371 -1.23351**********  0.004216 -0.000016404751.844
   1.54695  0.49886 -0.03250 -1.23351**********  0.003857 -0.000018562814.063
   1.56977  0.52164 -0.03120 -1.23351**********  0.011954 -0.000006213222.375
   1.59258  0.54442 -0.03000 -1.23351**********  0.004030 -0.000017750636.750
   1.61541  0.56720 -0.02840 -1.23351**********  0.004562 -0.000015861061.500
   1.63824  0.58998 -0.02690 -1.23351**********  0.007450 -0.000009631840.188
   1.66109  0.61276 -0.02510 -1.23348**********  9.288695 -0.000000   435.660
   1.68398  0.63554 -0.02290 -1.23466**********  1.347640 -0.000000  3593.066
   1.70688  0.65831 -0.02050 -1.23468**********  0.006360 -0.000011847585.813
   1.72985  0.68109 -0.01750 -1.23468**********  0.005573 -0.000012**********
   1.75284  0.70387 -0.01440 -1.23468**********  0.021699 -0.000003336947.938
   1.77589  0.72665 -0.01093 -1.23468**********  0.005406 -0.000013**********
   1.79895  0.74943 -0.00729 -1.23467********** 12.455851 -0.000000   666.820
   1.82203  0.77221 -0.00364 -1.23467**********  0.004505 -0.000015**********
   1.84509  0.79499  0.00000 -1.23467**********  0.005641 -0.000012**********
   1.86804  0.81777  0.00273 -1.23467**********  0.007689 -0.000009**********
   1.89089  0.84055  0.00456 -1.23467**********  0.006961 -0.000010**********
   1.91369  0.86333  0.00547 -1.23467**********  0.005317 -0.000013**********
   1.93646  0.88610  0.00547 -1.23467**********  0.007401 -0.000009**********
   1.95924  0.90888  0.00547 -1.23467**********  4.646210 -0.000000107387.680
   1.98203  0.93166  0.00480 -1.23453******************** -0.000000    97.596
   2.00484  0.95444  0.00364 -1.23453**********  0.057224 -0.000001**********
   2.02769  0.97722  0.00180 -1.23453**********  0.025681 -0.000003**********
   2.05054  1.00000  0.00000 -1.23453******************** -0.000000   169.621
   2.05054  1.00010 -0.00002  0.97937********************  0.000000   169.621
   2.07386  1.02310 -0.00380  0.96892********************  0.000000     4.414
   2.10142  1.05046 -0.00711  0.96784********************  0.000000     4.212
   2.13401  1.08290 -0.01027  0.96551********************  0.000000     3.902
   2.17253  1.12131 -0.01334  0.95752********************  0.000000     3.411
   2.21809  1.16676 -0.01630  0.94111********************  0.000000     2.365
   2.27195  1.22055 -0.01910  0.94854********************  0.000000     2.219
   2.33563  1.28418 -0.02169  0.93913********************  0.000000     2.416
   2.41092  1.35943 -0.02395  0.94826********************  0.000000     2.224
   2.49993  1.44843 -0.02577  0.97055********************  0.000000     7.259
   2.60518  1.55367 -0.02697  0.97322********************  0.000000     9.609
   2.72962  1.67810 -0.02736  0.97630********************  0.000000    13.604
   2.87674  1.82523 -0.02668  0.97928********************  0.000000    19.439
   3.05068  1.99916 -0.02463  0.98229********************  0.000000    28.640
