#    s        x        y     Ue/Vinf    Dstar     Theta      Cf       H
   0.00000  1.00000  0.00000  0.91943  0.006786  0.001324 -0.000048     5.127
   0.02377  0.97722  0.00680  0.97232  0.003127  0.000934  0.000100     3.349
   0.04741  0.95444  0.01310  1.03204  0.003171  0.000651 -0.000106     4.868
   0.07099  0.93166  0.01920  1.03576  0.002467  0.000637 -0.000009     3.871
   0.09443  0.90888  0.02470  1.04019  0.002349  0.000622  0.000013     3.779
   0.11783  0.88610  0.03007  1.04561  0.002084  0.000603  0.000120     3.456
   0.14117  0.86333  0.03520  1.05084  0.001955  0.000585  0.000177     3.340
   0.16447  0.84055  0.04009  1.05461  0.002030  0.000573  0.000091     3.545
   0.18782  0.81777  0.04520  1.06432  0.001620  0.000543  0.000435     2.981
   0.21110  0.79499  0.05000  1.06978  0.001518  0.000525  0.000532     2.892
   0.23435  0.77221  0.05467  1.08550  0.001193  0.000482  0.001148     2.474
   0.25745  0.74943  0.05850  1.06920  0.001636  0.000512  0.000297     3.195
   0.28064  0.72665  0.06287  1.08938  0.001153  0.000461  0.001158     2.501
   0.30371  0.70387  0.06651  1.07624  0.001452  0.000481  0.000459     3.022
   0.32684  0.68109  0.07050  1.09639  0.001058  0.000432  0.001344     2.448
   0.34986  0.65831  0.07380  1.08265  0.001269  0.000448  0.000701     2.833
   0.37290  0.63554  0.07730  1.10005  0.000979  0.000406  0.001515     2.409
   0.39586  0.61276  0.08018  1.08554  0.001145  0.000420  0.000892     2.729
   0.41884  0.58998  0.08320  1.10044  0.000912  0.000383  0.001670     2.383
   0.44175  0.56720  0.08565  1.08793  0.000994  0.000388  0.001262     2.558
   0.46465  0.54442  0.08800  1.08743  0.000967  0.000377  0.001286     2.565
   0.48754  0.52164  0.09021  1.09039  0.000886  0.000359  0.001561     2.469
   0.51039  0.49886  0.09203  1.08030  0.000987  0.000362  0.001027     2.731
   0.53324  0.47608  0.09390  1.08539  0.000928  0.000343  0.001138     2.703
   0.55609  0.45330  0.09567  1.10339  0.000689  0.000303  0.002458     2.275
   0.57889  0.43052  0.09658  1.07861  0.000794  0.000314  0.001618     2.528
   0.60169  0.40774  0.09740  1.08696  0.000630  0.000283  0.002770     2.225
   0.62446  0.38497  0.09749  1.05677  0.000720  0.000295  0.001922     2.438
   0.64724  0.36219  0.09749  1.04810  0.000721  0.000287  0.001759     2.513
   0.67002  0.33941  0.09740  1.04716  0.000645  0.000268  0.002193     2.408
   0.69280  0.31663  0.09690  1.03772  0.000586  0.000253  0.002606     2.319
   0.71560  0.29385  0.09590  1.01512  0.000634  0.000253  0.001950     2.507
   0.73841  0.27107  0.09476  1.01360  0.000509  0.000227  0.003129     2.249
   0.76127  0.24829  0.09294  0.97912  0.000611  0.000234  0.001746     2.608
   0.78412  0.22551  0.09112  0.98176  0.000498  0.000206  0.002623     2.422
   0.80704  0.20273  0.08860  0.96163  0.000430  0.000187  0.003355     2.298
   0.83007  0.17995  0.08520  0.92594  0.000451  0.000180  0.002510     2.504
   0.85321  0.15718  0.08109  0.89639  0.000321  0.000152  0.004950     2.110
   0.87663  0.13440  0.07563  0.80843  0.000442  0.000170  0.002007     2.600
   0.90006  0.11162  0.07016  0.78853  0.000301  0.000133  0.004025     2.272
   0.92398  0.08884  0.06287  0.67451  0.000281  0.000129  0.004007     2.183
   0.94819  0.06606  0.05467  0.57543  0.000284  0.000113  0.002445     2.514
   0.97308  0.04328  0.04465  0.40668  0.000166  0.000077  0.004222     2.144
   0.98370  0.03417  0.03918  0.26190  0.000203  0.000087  0.001897     2.321
   0.99433  0.02506  0.03371  0.12933  0.000144  0.000065  0.001432     2.230
   1.00600  0.01595  0.02642 -0.10636  0.000144  0.000065  0.001178     2.230
   1.01889  0.00683  0.01731 -0.56440  0.000093  0.000042  0.009943     2.203
   1.02748  0.00228  0.01002 -1.03666  0.000086  0.000039  0.019186     2.231
   1.03776  0.00000  0.00000 -2.26168  0.000051  0.000024  0.076271     2.145
   1.04368  0.00228 -0.00547 -2.25974  0.000482  0.000035 -0.003787    13.909
   1.05152  0.00683 -0.01185 -2.40274  0.000052  0.000027  0.096344     1.903
   1.06185  0.01595 -0.01670 -2.30017  0.002007  0.000098 -0.001164    20.420
   1.07155  0.02506 -0.02005 -2.12014  0.002794  0.000362 -0.000368     7.708
   1.08106  0.03417 -0.02278 -1.95635  0.002998  0.000691 -0.000138     4.342
   1.09032  0.04328 -0.02440 -1.84784  0.004189  0.000989 -0.000079     4.238
   1.11352  0.06606 -0.02880 -1.68121  0.004277  0.001650  0.001095     2.591
   1.13651  0.08884 -0.03189 -1.57890  0.004862  0.002184  0.001769     2.226
   1.15945  0.11162 -0.03462 -1.53064  0.004805  0.002490  0.002719     1.930
   1.18228  0.13440 -0.03620 -1.46982  0.005503  0.002931  0.002656     1.877
   1.20509  0.15718 -0.03736 -1.42494  0.006081  0.003319  0.002632     1.832
   1.22789  0.17995 -0.03840 -1.39384  0.006446  0.003626  0.002719     1.778
   1.25068  0.20273 -0.03918 -1.36902  0.006744  0.003896  0.002806     1.731
   1.27346  0.22551 -0.03940 -1.33491  0.007455  0.004298  0.002602     1.734
   1.29624  0.24829 -0.03960 -1.31323  0.007851  0.004586  0.002585     1.712
   1.31902  0.27107 -0.03960 -1.29094  0.008349  0.004904  0.002508     1.703
   1.34180  0.29385 -0.03950 -1.27228  0.008777  0.005193  0.002461     1.690
   1.36458  0.31663 -0.03930 -1.25630  0.009151  0.005458  0.002434     1.677
   1.38737  0.33941 -0.03890 -1.23982  0.009599  0.005747  0.002375     1.670
   1.41016  0.36219 -0.03827 -1.22306  0.010116  0.006060  0.002292     1.669
   1.43295  0.38497 -0.03736 -1.20330  0.010852  0.006451  0.002143     1.682
   1.45574  0.40774 -0.03645 -1.18754  0.011453  0.006789  0.002050     1.687
   1.47854  0.43052 -0.03554 -1.17363  0.012006  0.007108  0.001978     1.689
   1.50134  0.45330 -0.03462 -1.16089  0.012536  0.007417  0.001916     1.690
   1.52414  0.47608 -0.03371 -1.15091  0.012927  0.007673  0.001889     1.685
   1.54695  0.49886 -0.03250 -1.13666  0.013655  0.008050  0.001790     1.696
   1.56977  0.52164 -0.03120 -1.12286  0.014421  0.008439  0.001693     1.709
   1.59258  0.54442 -0.03000 -1.11359  0.014886  0.008718  0.001660     1.708
   1.61541  0.56720 -0.02840 -1.09795  0.015947  0.009204  0.001528     1.733
   1.63824  0.58998 -0.02690 -1.08717  0.016657  0.009564  0.001464     1.742
   1.66109  0.61276 -0.02510 -1.07348  0.017734  0.010044  0.001356     1.766
   1.68398  0.63554 -0.02290 -1.05708  0.019268  0.010661  0.001207     1.807
   1.70688  0.65831 -0.02050 -1.04189  0.020879  0.011280  0.001074     1.851
   1.72985  0.68109 -0.01750 -1.02304  0.023388  0.012121  0.000888     1.929
   1.75284  0.70387 -0.01440 -1.00723  0.025895  0.012903  0.000740     2.007
   1.77589  0.72665 -0.01093 -0.99142  0.029052  0.013767  0.000587     2.110
   1.79895  0.74943 -0.00729 -0.97770  0.032503  0.014597  0.000455     2.227
   1.82203  0.77221 -0.00364 -0.96640  0.036068  0.015348  0.000348     2.350
   1.84509  0.79499  0.00000 -0.95691  0.039927  0.016036  0.000257     2.490
   1.86804  0.81777  0.00273 -0.95044  0.042779  0.016540  0.000205     2.586
   1.89089  0.84055  0.00456 -0.94539  0.044954  0.016955  0.000174     2.651
   1.91369  0.86333  0.00547 -0.94123  0.046444  0.017310  0.000160     2.683
   1.93646  0.88610  0.00547 -0.93780  0.047054  0.017610  0.000162     2.672
   1.95924  0.90888  0.00547 -0.93397  0.048279  0.017953  0.000153     2.689
   1.98203  0.93166  0.00480 -0.93063  0.048862  0.018258  0.000157     2.676
   2.00484  0.95444  0.00364 -0.92730  0.049470  0.018568  0.000159     2.664
   2.02769  0.97722  0.00180 -0.92437  0.049565  0.018846  0.000171     2.630
   2.05054  1.00000  0.00000 -0.91943  0.052726  0.019326  0.000133     2.728
   2.05054  1.00010 -0.00002  0.91943  0.059512  0.020650  0.000000     2.882
   2.07386  1.02306 -0.00406  0.92169  0.048671  0.020417  0.000000     2.384
   2.10142  1.05029 -0.00830  0.92520  0.042997  0.020088  0.000000     2.140
   2.13401  1.08253 -0.01305  0.93101  0.038088  0.019587  0.000000     1.945
   2.17253  1.12068 -0.01848  0.93830  0.033921  0.019005  0.000000     1.785
   2.21809  1.16579 -0.02478  0.94642  0.030416  0.018406  0.000000     1.653
   2.27195  1.21915 -0.03215  0.95462  0.027520  0.017843  0.000000     1.542
   2.33563  1.28223 -0.04083  0.96232  0.025156  0.017349  0.000000     1.450
   2.41092  1.35681 -0.05113  0.96917  0.023234  0.016935  0.000000     1.372
   2.49993  1.44498 -0.06339  0.97504  0.021674  0.016596  0.000000     1.306
   2.60518  1.54920 -0.07803  0.97997  0.020403  0.016324  0.000000     1.250
   2.72962  1.67240 -0.09556  0.98403  0.019369  0.016108  0.000000     1.202
   2.87674  1.81801 -0.11659  0.98731  0.018531  0.015939  0.000000     1.163
   3.05068  1.99011 -0.14184  0.99146  0.017760  0.015729  0.000000     1.129
