#    s        x        y     Ue/Vinf    Dstar     Theta      Cf       H
   0.00000  1.00000  0.00000  0.98402  0.005888  0.002075  0.000251     2.838
   0.02377  0.97722  0.00680  1.15832  0.001487  0.001041  0.005163     1.428
   0.04741  0.95444  0.01310  1.15139  0.001470  0.001018  0.005003     1.445
   0.07099  0.93166  0.01920  1.17604  0.001272  0.000901  0.005698     1.411
   0.09443  0.90888  0.02470  1.16389  0.001268  0.000886  0.005441     1.432
   0.11783  0.88610  0.03007  1.16930  0.001181  0.000824  0.005597     1.433
   0.14117  0.86333  0.03520  1.17028  0.001122  0.000775  0.005568     1.449
   0.16447  0.84055  0.04009  1.15832  0.001146  0.000757  0.004946     1.514
   0.18782  0.81777  0.04520  1.18215  0.001027  0.000663  0.005049     1.548
   0.21110  0.79499  0.05000  1.18315  0.001067  0.000624  0.003944     1.710
   0.23435  0.77221  0.05467  1.21119  0.001045  0.000544  0.003031     1.921
   0.25745  0.74943  0.05850  1.19867  0.001630  0.000557  0.000528     2.927
   0.28064  0.72665  0.06287  1.21042  0.001541  0.000526  0.000565     2.926
   0.30371  0.70387  0.06651  1.20968  0.001729  0.000525  0.000257     3.294
   0.32684  0.68109  0.07050  1.22788  0.001270  0.000483  0.001025     2.630
   0.34986  0.65831  0.07380  1.21912  0.001519  0.000494  0.000456     3.074
   0.37290  0.63554  0.07730  1.23662  0.001176  0.000456  0.001181     2.581
   0.39586  0.61276  0.08018  1.22724  0.001374  0.000466  0.000619     2.951
   0.41884  0.58998  0.08320  1.24365  0.001097  0.000430  0.001317     2.550
   0.44175  0.56720  0.08565  1.23618  0.001205  0.000434  0.000911     2.775
   0.46465  0.54442  0.08800  1.23962  0.001175  0.000422  0.000920     2.788
   0.48754  0.52164  0.09021  1.24678  0.001079  0.000403  0.001157     2.679
   0.51039  0.49886  0.09203  1.24296  0.001198  0.000402  0.000688     2.980
   0.53324  0.47608  0.09390  1.25228  0.001094  0.000382  0.000899     2.865
   0.55609  0.45330  0.09567  1.27652  0.000799  0.000339  0.002266     2.358
   0.57889  0.43052  0.09658  1.25720  0.000917  0.000349  0.001465     2.624
   0.60169  0.40774  0.09740  1.27259  0.000731  0.000317  0.002597     2.305
   0.62446  0.38497  0.09749  1.24819  0.000851  0.000330  0.001645     2.582
   0.64724  0.36219  0.09749  1.24668  0.000850  0.000320  0.001509     2.656
   0.67002  0.33941  0.09740  1.25415  0.000751  0.000299  0.002023     2.512
   0.69280  0.31663  0.09690  1.25413  0.000686  0.000283  0.002419     2.427
   0.71560  0.29385  0.09590  1.24050  0.000743  0.000281  0.001755     2.639
   0.73841  0.27107  0.09476  1.25118  0.000604  0.000254  0.002892     2.375
   0.76127  0.24829  0.09294  1.22905  0.000741  0.000260  0.001336     2.848
   0.78412  0.22551  0.09112  1.24751  0.000580  0.000229  0.002542     2.535
   0.80704  0.20273  0.08860  1.24592  0.000500  0.000208  0.003386     2.401
   0.83007  0.17995  0.08520  1.22671  0.000507  0.000199  0.002817     2.548
   0.85321  0.15718  0.08109  1.22197  0.000366  0.000170  0.005735     2.150
   0.87663  0.13440  0.07563  1.14916  0.000556  0.000191  0.001542     2.901
   0.90006  0.11162  0.07016  1.17231  0.000329  0.000147  0.005666     2.237
   0.92398  0.08884  0.06287  1.08548  0.000334  0.000145  0.004894     2.296
   0.94819  0.06606  0.05467  1.04780  0.000359  0.000128  0.002522     2.796
   0.97308  0.04328  0.04465  0.98745  0.000173  0.000084  0.010429     2.072
   0.98370  0.03417  0.03918  0.85418  0.000289  0.000105  0.002696     2.754
   0.99433  0.02506  0.03371  0.84233  0.000166  0.000073  0.007860     2.264
   1.00600  0.01595  0.02642  0.66102  0.000155  0.000070  0.006924     2.215
   1.01889  0.00683  0.01731  0.43093  0.000131  0.000056  0.004764     2.334
   1.02748  0.00228  0.01002  0.11671  0.000072  0.000032  0.002579     2.230
   1.03776  0.00000  0.00000 -0.71025  0.000072  0.000032  0.015697     2.230
   1.04368  0.00228 -0.00547 -0.91563  0.000117  0.000047  0.009975     2.467
   1.05152  0.00683 -0.01185 -1.30621  0.000083  0.000040  0.028116     2.101
   1.06185  0.01595 -0.01670 -1.31559  0.001696  0.000049 -0.001509    34.743
   1.07155  0.02506 -0.02005 -1.30344  0.002593  0.000066 -0.001107    39.432
   1.08106  0.03417 -0.02278 -1.23846  0.002783  0.000228 -0.000318    12.199
   1.09032  0.04328 -0.02440 -1.23974  0.127598  0.000141 -0.000338   903.980
   1.11352  0.06606 -0.02880 -1.23606  1.730711  0.001984 -0.000034   872.310
   1.13651  0.08884 -0.03189 -1.23536  2.674342  0.003207 -0.000021   833.900
   1.15945  0.11162 -0.03462 -1.23472  3.483540  0.004819 -0.000014   722.850
   1.18228  0.13440 -0.03620 -1.23417  4.201688  0.006522 -0.000010   644.213
   1.20509  0.15718 -0.03736 -1.23355  4.799019  0.008807 -0.000008   544.911
   1.22789  0.17995 -0.03840 -1.23297  5.337691  0.011189 -0.000006   477.056
   1.25068  0.20273 -0.03918 -1.23258  5.906282  0.013019 -0.000005   453.652
   1.27346  0.22551 -0.03940 -1.23326  7.063994  0.009306 -0.000007   759.092
   1.29624  0.24829 -0.03960 -1.23358 14.090964  0.000759 -0.000089 18556.707
   1.31902  0.27107 -0.03960 -1.23358 42.915108  0.000726 -0.000093 59088.535
   1.34180  0.29385 -0.03950 -1.23356104.007210  0.001398 -0.000049 74396.258
   1.36458  0.31663 -0.03930 -1.23356181.603958  0.001597 -0.000042113701.305
   1.38737  0.33941 -0.03890 -1.23356293.559082  0.001997 -0.000034146982.656
   1.41016  0.36219 -0.03827 -1.23356446.608612  0.002198 -0.000031203199.953
   1.43295  0.38497 -0.03736 -1.23356607.596069  0.003727 -0.000018163019.563
   1.45574  0.40774 -0.03645 -1.23356798.864075  0.002785 -0.000024286886.438
   1.47854  0.43052 -0.03554 -1.23356**********  0.002822 -0.000024400182.906
   1.50134  0.45330 -0.03462 -1.23356**********  0.003742 -0.000018408951.625
   1.52414  0.47608 -0.03371 -1.23356**********  0.004103 -0.000017474886.938
   1.54695  0.49886 -0.03250 -1.23356**********  0.004127 -0.000016600477.625
   1.56977  0.52164 -0.03120 -1.23355**********  0.009588 -0.000007303809.469
   1.59258  0.54442 -0.03000 -1.23356**********  0.004388 -0.000015784441.625
   1.61541  0.56720 -0.02840 -1.23356**********  0.004555 -0.000015975429.438
   1.63824  0.58998 -0.02690 -1.23356**********  0.008667 -0.000008612058.813
   1.66109  0.61276 -0.02510 -1.23353********** 10.010539 -0.000000   454.614
   1.68398  0.63554 -0.02290 -1.23453**********  1.094414 -0.000000  4976.979
   1.70688  0.65831 -0.02050 -1.23455**********  0.006196 -0.000011978007.750
   1.72985  0.68109 -0.01750 -1.23455**********  0.006253 -0.000011**********
   1.75284  0.70387 -0.01440 -1.23454**********  0.012902 -0.000005630663.625
   1.77589  0.72665 -0.01093 -1.23455**********  0.006043 -0.000011**********
   1.79895  0.74943 -0.00729 -1.23453********** 12.234235 -0.000000   747.551
   1.82203  0.77221 -0.00364 -1.23454**********  0.004620 -0.000015**********
   1.84509  0.79499  0.00000 -1.23454**********  0.006104 -0.000011**********
   1.86804  0.81777  0.00273 -1.23454**********  0.007253 -0.000009**********
   1.89089  0.84055  0.00456 -1.23454**********  0.007470 -0.000009**********
   1.91369  0.86333  0.00547 -1.23454**********  0.005373 -0.000013**********
   1.93646  0.88610  0.00547 -1.23454**********  0.007473 -0.000009**********
   1.95924  0.90888  0.00547 -1.23454**********  2.031094 -0.000000245279.094
   1.98203  0.93166  0.00480 -1.23447******************** -0.000000    97.843
   2.00484  0.95444  0.00364 -1.23447**********  0.017514 -0.000004**********
   2.02769  0.97722  0.00180 -1.23447**********  0.030314 -0.000002**********
   2.05054  1.00000  0.00000 -1.23447******************** -0.000000   169.549
   2.05054  1.00010 -0.00002  0.97937********************  0.000000   169.549
   2.07386  1.02311 -0.00375  0.96892********************  0.000000     4.413
   2.10142  1.05050 -0.00684  0.96784********************  0.000000     4.211
   2.13401  1.08296 -0.00966  0.96551********************  0.000000     3.901
   2.17253  1.12141 -0.01220  0.95746********************  0.000000     3.411
   2.21809  1.16691 -0.01443  0.94085********************  0.000000     2.356
   2.27195  1.22074 -0.01624  0.94844********************  0.000000     2.211
   2.33563  1.28441 -0.01749  0.93889********************  0.000000     2.406
   2.41092  1.35969 -0.01799  0.94815********************  0.000000     2.216
   2.49993  1.44871 -0.01753  0.97056********************  0.000000     7.257
   2.60518  1.55394 -0.01580  0.97323********************  0.000000     9.607
   2.72962  1.67833 -0.01246  0.97631********************  0.000000    13.601
   2.87674  1.82535 -0.00706  0.97928********************  0.000000    19.435
   3.05068  1.99912  0.00090  0.98229********************  0.000000    28.633
