#    s        x        y     Ue/Vinf    Dstar     Theta      Cf       H
   0.00000  1.00000  0.00000  0.98402  0.005888  0.002075  0.000251     2.838
   0.02377  0.97722  0.00680  1.15834  0.001487  0.001041  0.005163     1.428
   0.04741  0.95444  0.01310  1.15140  0.001470  0.001017  0.005003     1.445
   0.07099  0.93166  0.01920  1.17605  0.001272  0.000901  0.005699     1.411
   0.09443  0.90888  0.02470  1.16390  0.001268  0.000885  0.005441     1.432
   0.11783  0.88610  0.03007  1.16930  0.001181  0.000824  0.005597     1.433
   0.14117  0.86333  0.03520  1.17028  0.001122  0.000774  0.005569     1.449
   0.16447  0.84055  0.04009  1.15833  0.001146  0.000757  0.004946     1.514
   0.18782  0.81777  0.04520  1.18216  0.001027  0.000663  0.005049     1.548
   0.21110  0.79499  0.05000  1.18315  0.001067  0.000624  0.003943     1.710
   0.23435  0.77221  0.05467  1.21119  0.001045  0.000544  0.003029     1.921
   0.25745  0.74943  0.05850  1.19869  0.001630  0.000557  0.000527     2.928
   0.28064  0.72665  0.06287  1.21042  0.001541  0.000526  0.000565     2.926
   0.30371  0.70387  0.06651  1.20968  0.001729  0.000525  0.000258     3.294
   0.32684  0.68109  0.07050  1.22788  0.001270  0.000483  0.001026     2.630
   0.34986  0.65831  0.07380  1.21912  0.001519  0.000494  0.000456     3.074
   0.37290  0.63554  0.07730  1.23662  0.001176  0.000456  0.001181     2.580
   0.39586  0.61276  0.08018  1.22723  0.001374  0.000466  0.000619     2.951
   0.41884  0.58998  0.08320  1.24364  0.001097  0.000430  0.001317     2.550
   0.44175  0.56720  0.08565  1.23618  0.001204  0.000434  0.000911     2.775
   0.46465  0.54442  0.08800  1.23962  0.001175  0.000422  0.000920     2.788
   0.48754  0.52164  0.09021  1.24677  0.001079  0.000403  0.001157     2.679
   0.51039  0.49886  0.09203  1.24295  0.001198  0.000402  0.000688     2.980
   0.53324  0.47608  0.09390  1.25227  0.001094  0.000382  0.000900     2.865
   0.55609  0.45330  0.09567  1.27652  0.000799  0.000339  0.002266     2.358
   0.57889  0.43052  0.09658  1.25719  0.000917  0.000349  0.001465     2.624
   0.60169  0.40774  0.09740  1.27258  0.000731  0.000317  0.002598     2.305
   0.62446  0.38497  0.09749  1.24818  0.000851  0.000330  0.001645     2.582
   0.64724  0.36219  0.09749  1.24666  0.000850  0.000320  0.001509     2.656
   0.67002  0.33941  0.09740  1.25413  0.000751  0.000299  0.002023     2.512
   0.69280  0.31663  0.09690  1.25412  0.000686  0.000283  0.002419     2.427
   0.71560  0.29385  0.09590  1.24048  0.000743  0.000281  0.001755     2.638
   0.73841  0.27107  0.09476  1.25116  0.000604  0.000254  0.002892     2.374
   0.76127  0.24829  0.09294  1.22903  0.000740  0.000260  0.001336     2.847
   0.78412  0.22551  0.09112  1.24748  0.000580  0.000229  0.002542     2.535
   0.80704  0.20273  0.08860  1.24589  0.000500  0.000208  0.003386     2.401
   0.83007  0.17995  0.08520  1.22668  0.000507  0.000199  0.002817     2.548
   0.85321  0.15718  0.08109  1.22193  0.000366  0.000170  0.005735     2.150
   0.87663  0.13440  0.07563  1.14912  0.000555  0.000191  0.001543     2.901
   0.90006  0.11162  0.07016  1.17226  0.000329  0.000147  0.005666     2.237
   0.92398  0.08884  0.06287  1.08543  0.000334  0.000145  0.004895     2.296
   0.94819  0.06606  0.05467  1.04773  0.000359  0.000128  0.002522     2.796
   0.97308  0.04328  0.04465  0.98735  0.000173  0.000084  0.010429     2.072
   0.98370  0.03417  0.03918  0.85408  0.000289  0.000105  0.002696     2.754
   0.99433  0.02506  0.03371  0.84220  0.000166  0.000073  0.007859     2.264
   1.00600  0.01595  0.02642  0.66087  0.000155  0.000070  0.006923     2.215
   1.01889  0.00683  0.01731  0.43072  0.000131  0.000056  0.004762     2.334
   1.02748  0.00228  0.01002  0.11644  0.000072  0.000032  0.002574     2.230
   1.03776  0.00000  0.00000 -0.71070  0.000072  0.000032  0.015708     2.230
   1.04368  0.00228 -0.00547 -0.91602  0.000117  0.000047  0.009976     2.468
   1.05152  0.00683 -0.01185 -1.30667  0.000083  0.000040  0.028131     2.101
   1.06185  0.01595 -0.01670 -1.31605  0.001696  0.000049 -0.001510    34.745
   1.07155  0.02506 -0.02005 -1.30390  0.002592  0.000066 -0.001107    39.421
   1.08106  0.03417 -0.02278 -1.23877  0.002780  0.000228 -0.000318    12.177
   1.09032  0.04328 -0.02440 -1.24005  0.127565  0.000141 -0.000338   903.626
   1.11352  0.06606 -0.02880 -1.23637  1.730428  0.001986 -0.000034   871.464
   1.13651  0.08884 -0.03189 -1.23567  2.672645  0.003219 -0.000021   830.350
   1.15945  0.11162 -0.03462 -1.23501  3.477041  0.004851 -0.000014   716.757
   1.18228  0.13440 -0.03620 -1.23445  4.185946  0.006603 -0.000010   633.965
   1.20509  0.15718 -0.03736 -1.23380  4.766574  0.008996 -0.000008   529.854
   1.22789  0.17995 -0.03840 -1.23315  5.273572  0.011643 -0.000006   452.952
   1.25068  0.20273 -0.03918 -1.23258  5.771775  0.014206 -0.000005   406.285
   1.27346  0.22551 -0.03940 -1.23301  6.720217  0.012045 -0.000006   557.908
   1.29624  0.24829 -0.03960 -1.23352 11.772512  0.001057 -0.000064 11138.122
   1.31902  0.27107 -0.03960 -1.23354 31.854218  0.000678 -0.000100 47003.152
   1.34180  0.29385 -0.03950 -1.23351 74.874634  0.001584 -0.000043 47262.145
   1.36458  0.31663 -0.03930 -1.23352128.915253  0.001399 -0.000048 92142.227
   1.38737  0.33941 -0.03890 -1.23351208.459000  0.002152 -0.000032 96864.383
   1.41016  0.36219 -0.03827 -1.23351317.955627  0.001890 -0.000036168256.328
   1.43295  0.38497 -0.03736 -1.23350432.105194  0.004829 -0.000014 89477.703
   1.45574  0.40774 -0.03645 -1.23351569.995605  0.002345 -0.000029243053.563
   1.47854  0.43052 -0.03554 -1.23351818.689270  0.002802 -0.000024292207.031
   1.50134  0.45330 -0.03462 -1.23351**********  0.003146 -0.000022356809.281
   1.52414  0.47608 -0.03371 -1.23351**********  0.004589 -0.000015311280.625
   1.54695  0.49886 -0.03250 -1.23351**********  0.003436 -0.000020531217.813
   1.56977  0.52164 -0.03120 -1.23350**********  0.022982 -0.000003 93509.828
   1.59258  0.54442 -0.03000 -1.23351**********  0.003647 -0.000019701193.750
   1.61541  0.56720 -0.02840 -1.23350**********  0.004430 -0.000015761394.063
   1.63824  0.58998 -0.02690 -1.23350**********  0.007234 -0.000009558702.000
   1.66109  0.61276 -0.02510 -1.23347**********  7.991045 -0.000000   434.975
   1.68398  0.63554 -0.02290 -1.23466**********  1.174368 -0.000000  3540.960
   1.70688  0.65831 -0.02050 -1.23468**********  0.006165 -0.000011751471.688
   1.72985  0.68109 -0.01750 -1.23468**********  0.005282 -0.000013**********
   1.75284  0.70387 -0.01440 -1.23468**********  0.025437 -0.000003248441.516
   1.77589  0.72665 -0.01093 -1.23468**********  0.005063 -0.000013**********
   1.79895  0.74943 -0.00729 -1.23467********** 10.997826 -0.000000   660.899
   1.82203  0.77221 -0.00364 -1.23467**********  0.004216 -0.000016**********
   1.84509  0.79499  0.00000 -1.23467**********  0.005406 -0.000013**********
   1.86804  0.81777  0.00273 -1.23467**********  0.007628 -0.000009**********
   1.89089  0.84055  0.00456 -1.23467**********  0.006612 -0.000010**********
   1.91369  0.86333  0.00547 -1.23467**********  0.005175 -0.000013**********
   1.93646  0.88610  0.00547 -1.23467**********  0.007391 -0.000009**********
   1.95924  0.90888  0.00547 -1.23467**********  1.575241 -0.000000307576.688
   1.98203  0.93166  0.00480 -1.23461******************** -0.000000    97.643
   2.00484  0.95444  0.00364 -1.23462**********  0.027730 -0.000002**********
   2.02769  0.97722  0.00180 -1.23462**********  0.046479 -0.000001**********
   2.05054  1.00000  0.00000 -1.23461******************** -0.000000   169.627
   2.05054  1.00010 -0.00002  0.97937********************  0.000000   169.626
   2.07386  1.02309 -0.00386  0.96892********************  0.000000     4.414
   2.10142  1.05043 -0.00737  0.96784********************  0.000000     4.212
   2.13401  1.08283 -0.01087  0.96551********************  0.000000     3.902
   2.17253  1.12119 -0.01445  0.95752********************  0.000000     3.411
   2.21809  1.16660 -0.01813  0.94115********************  0.000000     2.366
   2.27195  1.22032 -0.02193  0.94855********************  0.000000     2.221
   2.33563  1.28388 -0.02584  0.93917********************  0.000000     2.418
   2.41092  1.35906 -0.02984  0.94827********************  0.000000     2.225
   2.49993  1.44799 -0.03391  0.97054********************  0.000000     7.259
   2.60518  1.55315 -0.03802  0.97322********************  0.000000     9.609
   2.72962  1.67752 -0.04211  0.97630********************  0.000000    13.604
   2.87674  1.82459 -0.04611  0.97928********************  0.000000    19.439
   3.05068  1.99849 -0.04996  0.98229********************  0.000000    28.640
