#    s        x        y     Ue/Vinf    Dstar     Theta      Cf       H
   0.00000  1.00000  0.00000  0.98401  0.005883  0.002075  0.000253     2.835
   0.02377  0.97722  0.00680  1.15845  0.001487  0.001041  0.005164     1.428
   0.04741  0.95444  0.01310  1.15152  0.001470  0.001018  0.005004     1.445
   0.07099  0.93166  0.01920  1.17617  0.001272  0.000901  0.005700     1.411
   0.09443  0.90888  0.02470  1.16402  0.001268  0.000886  0.005442     1.432
   0.11783  0.88610  0.03007  1.16942  0.001181  0.000824  0.005598     1.433
   0.14117  0.86333  0.03520  1.17040  0.001122  0.000775  0.005570     1.449
   0.16447  0.84055  0.04009  1.15844  0.001146  0.000757  0.004948     1.514
   0.18782  0.81777  0.04520  1.18228  0.001027  0.000663  0.005051     1.548
   0.21110  0.79499  0.05000  1.18326  0.001067  0.000624  0.003947     1.710
   0.23435  0.77221  0.05467  1.21131  0.001044  0.000544  0.003034     1.921
   0.25745  0.74943  0.05850  1.19875  0.001630  0.000557  0.000529     2.926
   0.28064  0.72665  0.06287  1.21054  0.001540  0.000526  0.000565     2.926
   0.30371  0.70387  0.06651  1.20979  0.001729  0.000525  0.000258     3.294
   0.32684  0.68109  0.07050  1.22800  0.001270  0.000483  0.001026     2.630
   0.34986  0.65831  0.07380  1.21923  0.001519  0.000494  0.000456     3.074
   0.37290  0.63554  0.07730  1.23673  0.001176  0.000456  0.001181     2.581
   0.39586  0.61276  0.08018  1.22735  0.001374  0.000466  0.000619     2.951
   0.41884  0.58998  0.08320  1.24376  0.001097  0.000430  0.001317     2.550
   0.44175  0.56720  0.08565  1.23629  0.001205  0.000434  0.000911     2.775
   0.46465  0.54442  0.08800  1.23973  0.001175  0.000422  0.000920     2.788
   0.48754  0.52164  0.09021  1.24689  0.001079  0.000403  0.001157     2.679
   0.51039  0.49886  0.09203  1.24307  0.001198  0.000402  0.000688     2.980
   0.53324  0.47608  0.09390  1.25239  0.001094  0.000382  0.000899     2.865
   0.55609  0.45330  0.09567  1.27664  0.000799  0.000339  0.002266     2.358
   0.57889  0.43052  0.09658  1.25732  0.000917  0.000349  0.001466     2.624
   0.60169  0.40774  0.09740  1.27271  0.000731  0.000317  0.002598     2.305
   0.62446  0.38497  0.09749  1.24831  0.000851  0.000330  0.001645     2.582
   0.64724  0.36219  0.09749  1.24680  0.000850  0.000320  0.001509     2.656
   0.67002  0.33941  0.09740  1.25427  0.000751  0.000299  0.002023     2.512
   0.69280  0.31663  0.09690  1.25425  0.000686  0.000283  0.002419     2.427
   0.71560  0.29385  0.09590  1.24062  0.000743  0.000282  0.001755     2.639
   0.73841  0.27107  0.09476  1.25131  0.000604  0.000254  0.002892     2.375
   0.76127  0.24829  0.09294  1.22918  0.000741  0.000260  0.001335     2.848
   0.78412  0.22551  0.09112  1.24765  0.000580  0.000229  0.002542     2.535
   0.80704  0.20273  0.08860  1.24606  0.000500  0.000208  0.003386     2.401
   0.83007  0.17995  0.08520  1.22686  0.000507  0.000199  0.002817     2.548
   0.85321  0.15718  0.08109  1.22212  0.000366  0.000170  0.005736     2.150
   0.87663  0.13440  0.07563  1.14932  0.000556  0.000191  0.001542     2.902
   0.90006  0.11162  0.07016  1.17249  0.000329  0.000147  0.005667     2.237
   0.92398  0.08884  0.06287  1.08567  0.000334  0.000145  0.004894     2.296
   0.94819  0.06606  0.05467  1.04802  0.000359  0.000128  0.002522     2.796
   0.97308  0.04328  0.04465  0.98771  0.000173  0.000084  0.010431     2.072
   0.98370  0.03417  0.03918  0.85446  0.000289  0.000105  0.002694     2.754
   0.99433  0.02506  0.03371  0.84267  0.000166  0.000073  0.007863     2.264
   1.00600  0.01595  0.02642  0.66139  0.000155  0.000070  0.006926     2.215
   1.01889  0.00683  0.01731  0.43147  0.000131  0.000056  0.004768     2.334
   1.02748  0.00228  0.01002  0.11734  0.000072  0.000032  0.002593     2.230
   1.03776  0.00000  0.00000 -0.70924  0.000072  0.000032  0.015671     2.230
   1.04368  0.00228 -0.00547 -0.91480  0.000117  0.000047  0.009974     2.467
   1.05152  0.00683 -0.01185 -1.30522  0.000083  0.000040  0.028084     2.101
   1.06185  0.01595 -0.01670 -1.31459  0.001696  0.000049 -0.001507    34.743
   1.07155  0.02506 -0.02005 -1.30247  0.002596  0.000066 -0.001106    39.468
   1.08106  0.03417 -0.02278 -1.23795  0.002789  0.000227 -0.000319    12.275
   1.09032  0.04328 -0.02440 -1.23921  0.127669  0.000141 -0.000338   904.981
   1.11352  0.06606 -0.02880 -1.23557  1.732479  0.001963 -0.000035   882.715
   1.13651  0.08884 -0.03189 -1.23491  2.679611  0.003127 -0.000022   856.804
   1.15945  0.11162 -0.03462 -1.23432  3.521135  0.004605 -0.000015   764.683
   1.18228  0.13440 -0.03620 -1.23388  4.300013  0.006011 -0.000011   715.364
   1.20509  0.15718 -0.03736 -1.23343  5.000203  0.007714 -0.000009   648.194
   1.22789  0.17995 -0.03840 -1.23314  5.706811  0.008999 -0.000008   634.179
   1.25068  0.20273 -0.03918 -1.23310  6.529613  0.009188 -0.000007   710.664
   1.27346  0.22551 -0.03940 -1.23357  7.833966  0.006315 -0.000011  1240.474
   1.29624  0.24829 -0.03960 -1.23392 12.423573  0.001167 -0.000058 10644.141
   1.31902  0.27107 -0.03960 -1.23394 27.875662  0.000818 -0.000083 34084.867
   1.34180  0.29385 -0.03950 -1.23393 62.440346  0.001197 -0.000056 52178.266
   1.36458  0.31663 -0.03930 -1.23392108.748764  0.001696 -0.000040 64106.016
   1.38737  0.33941 -0.03890 -1.23392174.286713  0.001688 -0.000040103255.422
   1.41016  0.36219 -0.03827 -1.23392272.671265  0.002028 -0.000033134440.984
   1.43295  0.38497 -0.03736 -1.23392378.513489  0.003067 -0.000022123425.883
   1.45574  0.40774 -0.03645 -1.23392512.850769  0.002529 -0.000027202813.250
   1.47854  0.43052 -0.03554 -1.23392707.602600  0.002870 -0.000023246571.078
   1.50134  0.45330 -0.03462 -1.23392912.638000  0.004006 -0.000018227817.813
   1.52414  0.47608 -0.03371 -1.23392**********  0.003281 -0.000020355426.156
   1.54695  0.49886 -0.03250 -1.23392**********  0.004067 -0.000016363216.625
   1.56977  0.52164 -0.03120 -1.23392**********  0.003598 -0.000017516150.281
   1.59258  0.54442 -0.03000 -1.23392**********  0.004633 -0.000015504714.688
   1.61541  0.56720 -0.02840 -1.23392**********  0.004430 -0.000015657570.375
   1.63824  0.58998 -0.02690 -1.23391**********  0.006330 -0.000011553465.438
   1.66109  0.61276 -0.02510 -1.23388**********  6.576389 -0.000000   470.478
   1.68398  0.63554 -0.02290 -1.23470**********  0.513476 -0.000000  7215.982
   1.70688  0.65831 -0.02050 -1.23472**********  0.006346 -0.000010635377.500
   1.72985  0.68109 -0.01750 -1.23472**********  0.006575 -0.000011709428.875
   1.75284  0.70387 -0.01440 -1.23470**********  0.408914 -0.000000 12104.658
   1.77589  0.72665 -0.01093 -1.23471**********  0.005153 -0.000012**********
   1.79895  0.74943 -0.00729 -1.23470**********  2.516301 -0.000000  2376.872
   1.82203  0.77221 -0.00364 -1.23472**********  0.007755 -0.000009852781.250
   1.84509  0.79499  0.00000 -1.23472**********  0.005967 -0.000011**********
   1.86804  0.81777  0.00273 -1.23472**********  0.006209 -0.000012**********
   1.89089  0.84055  0.00456 -1.23472**********  0.007289 -0.000008**********
   1.91369  0.86333  0.00547 -1.23472**********  0.008831 -0.000009**********
   1.93646  0.88610  0.00547 -1.23472**********  0.006867 -0.000009**********
   1.95924  0.90888  0.00547 -1.23472**********  0.007889 -0.000009**********
   1.98203  0.93166  0.00480 -1.23471**********  8.677435 -0.000000  2178.500
   2.00484  0.95444  0.00364 -1.23471**********  0.006362 -0.000010**********
   2.02769  0.97722  0.00180 -1.23471**********  0.006156 -0.000011**********
   2.05054  1.00000  0.00000 -1.23471**********144.717728 -0.000000   180.557
   2.05054  1.00010 -0.00002  0.97936**********144.719757  0.000000   180.554
   2.07386  1.02307 -0.00397  0.96907**********392.988831  0.000000     4.527
   2.10142  1.05036 -0.00788  0.96812**********395.475555  0.000000     4.324
   2.13401  1.08268 -0.01206  0.96616**********400.431519  0.000000     4.011
   2.17253  1.12093 -0.01665  0.96041**********414.461212  0.000000     3.528
   2.21809  1.16620 -0.02176  0.94283**********454.656891  0.000000     2.488
   2.27195  1.21975 -0.02751  0.94833**********443.135559  0.000000     2.338
   2.33563  1.28309 -0.03403  0.94111**********458.446411  0.000000     2.553
   2.41092  1.35801 -0.04147  0.94869**********442.386047  0.000000     2.328
   2.49993  1.44662 -0.05002  0.96971**********380.316162  0.000000     7.470
   2.60518  1.55140 -0.05988  0.97239**********369.289673  0.000000     9.898
   2.72962  1.67531 -0.07132  0.97548**********353.252533  0.000000    14.031
   2.87674  1.82183 -0.08464  0.97848**********333.170776  0.000000    20.088
   3.05068  1.99508 -0.10019  0.98152**********306.572632  0.000000    29.682
