#    s        x        y     Ue/Vinf    Dstar     Theta      Cf       H
   0.00000  1.00000  0.00000  0.98402  0.005887  0.002075  0.000251     2.838
   0.02377  0.97722  0.00680  1.15834  0.001487  0.001041  0.005163     1.428
   0.04741  0.95444  0.01310  1.15140  0.001470  0.001017  0.005003     1.445
   0.07099  0.93166  0.01920  1.17605  0.001272  0.000901  0.005699     1.411
   0.09443  0.90888  0.02470  1.16390  0.001268  0.000885  0.005441     1.432
   0.11783  0.88610  0.03007  1.16930  0.001181  0.000824  0.005597     1.433
   0.14117  0.86333  0.03520  1.17028  0.001122  0.000774  0.005569     1.449
   0.16447  0.84055  0.04009  1.15832  0.001146  0.000757  0.004946     1.514
   0.18782  0.81777  0.04520  1.18215  0.001027  0.000663  0.005049     1.548
   0.21110  0.79499  0.05000  1.18314  0.001067  0.000624  0.003942     1.710
   0.23435  0.77221  0.05467  1.21119  0.001045  0.000544  0.003028     1.922
   0.25745  0.74943  0.05850  1.19870  0.001631  0.000557  0.000526     2.929
   0.28064  0.72665  0.06287  1.21041  0.001541  0.000526  0.000565     2.926
   0.30371  0.70387  0.06651  1.20968  0.001729  0.000525  0.000258     3.294
   0.32684  0.68109  0.07050  1.22788  0.001270  0.000483  0.001026     2.630
   0.34986  0.65831  0.07380  1.21912  0.001519  0.000494  0.000456     3.074
   0.37290  0.63554  0.07730  1.23662  0.001176  0.000456  0.001181     2.580
   0.39586  0.61276  0.08018  1.22723  0.001374  0.000466  0.000619     2.951
   0.41884  0.58998  0.08320  1.24364  0.001097  0.000430  0.001317     2.550
   0.44175  0.56720  0.08565  1.23617  0.001204  0.000434  0.000911     2.775
   0.46465  0.54442  0.08800  1.23961  0.001175  0.000422  0.000920     2.788
   0.48754  0.52164  0.09021  1.24677  0.001079  0.000403  0.001157     2.679
   0.51039  0.49886  0.09203  1.24295  0.001198  0.000402  0.000688     2.980
   0.53324  0.47608  0.09390  1.25227  0.001094  0.000382  0.000900     2.865
   0.55609  0.45330  0.09567  1.27651  0.000799  0.000339  0.002266     2.358
   0.57889  0.43052  0.09658  1.25719  0.000917  0.000349  0.001466     2.624
   0.60169  0.40774  0.09740  1.27258  0.000731  0.000317  0.002598     2.305
   0.62446  0.38497  0.09749  1.24818  0.000851  0.000330  0.001645     2.581
   0.64724  0.36219  0.09749  1.24666  0.000850  0.000320  0.001509     2.656
   0.67002  0.33941  0.09740  1.25413  0.000751  0.000299  0.002023     2.512
   0.69280  0.31663  0.09690  1.25411  0.000686  0.000283  0.002419     2.427
   0.71560  0.29385  0.09590  1.24047  0.000743  0.000281  0.001755     2.638
   0.73841  0.27107  0.09476  1.25115  0.000604  0.000254  0.002892     2.374
   0.76127  0.24829  0.09294  1.22902  0.000740  0.000260  0.001336     2.847
   0.78412  0.22551  0.09112  1.24747  0.000580  0.000229  0.002542     2.535
   0.80704  0.20273  0.08860  1.24588  0.000500  0.000208  0.003386     2.401
   0.83007  0.17995  0.08520  1.22667  0.000507  0.000199  0.002817     2.548
   0.85321  0.15718  0.08109  1.22191  0.000365  0.000170  0.005736     2.150
   0.87663  0.13440  0.07563  1.14910  0.000555  0.000191  0.001543     2.901
   0.90006  0.11162  0.07016  1.17224  0.000329  0.000147  0.005666     2.237
   0.92398  0.08884  0.06287  1.08540  0.000334  0.000145  0.004895     2.296
   0.94819  0.06606  0.05467  1.04769  0.000359  0.000128  0.002522     2.796
   0.97308  0.04328  0.04465  0.98730  0.000173  0.000084  0.010429     2.072
   0.98370  0.03417  0.03918  0.85402  0.000289  0.000105  0.002696     2.754
   0.99433  0.02506  0.03371  0.84213  0.000166  0.000073  0.007859     2.264
   1.00600  0.01595  0.02642  0.66079  0.000155  0.000070  0.006922     2.215
   1.01889  0.00683  0.01731  0.43060  0.000131  0.000056  0.004761     2.334
   1.02748  0.00228  0.01002  0.11629  0.000072  0.000032  0.002570     2.230
   1.03776  0.00000  0.00000 -0.71096  0.000072  0.000032  0.015715     2.230
   1.04368  0.00228 -0.00547 -0.91623  0.000117  0.000047  0.009977     2.468
   1.05152  0.00683 -0.01185 -1.30693  0.000083  0.000040  0.028140     2.101
   1.06185  0.01595 -0.01670 -1.31632  0.001695  0.000049 -0.001510    34.746
   1.07155  0.02506 -0.02005 -1.30416  0.002592  0.000066 -0.001108    39.416
   1.08106  0.03417 -0.02278 -1.23896  0.002779  0.000228 -0.000318    12.165
   1.09032  0.04328 -0.02440 -1.24024  0.127545  0.000141 -0.000338   903.428
   1.11352  0.06606 -0.02880 -1.23655  1.730180  0.001987 -0.000034   870.933
   1.13651  0.08884 -0.03189 -1.23585  2.671284  0.003224 -0.000021   828.515
   1.15945  0.11162 -0.03462 -1.23519  3.473194  0.004867 -0.000014   713.583
   1.18228  0.13440 -0.03620 -1.23462  4.177283  0.006645 -0.000010   628.650
   1.20509  0.15718 -0.03736 -1.23395  4.749167  0.009097 -0.000007   522.086
   1.22789  0.17995 -0.03840 -1.23326  5.239332  0.011893 -0.000006   440.536
   1.25068  0.20273 -0.03918 -1.23258  5.698503  0.014955 -0.000005   381.055
   1.27346  0.22551 -0.03940 -1.23274  6.512217  0.014145 -0.000005   460.378
   1.29624  0.24829 -0.03960 -1.23352 10.314402  0.001590 -0.000043  6487.026
   1.31902  0.27107 -0.03960 -1.23357 24.698160  0.000669 -0.000101 36910.426
   1.34180  0.29385 -0.03950 -1.23353 54.675507  0.001850 -0.000037 29556.156
   1.36458  0.31663 -0.03930 -1.23354 92.705956  0.001267 -0.000053 73155.352
   1.38737  0.33941 -0.03890 -1.23353149.342789  0.002370 -0.000029 63026.734
   1.41016  0.36219 -0.03827 -1.23353228.965164  0.001658 -0.000041138076.234
   1.43295  0.38497 -0.03736 -1.23351312.238831  0.006705 -0.000010 46567.602
   1.45574  0.40774 -0.03645 -1.23352414.465363  0.002041 -0.000033203112.188
   1.47854  0.43052 -0.03554 -1.23352604.104431  0.002801 -0.000024215711.688
   1.50134  0.45330 -0.03462 -1.23352837.123352  0.002745 -0.000025304920.219
   1.52414  0.47608 -0.03371 -1.23352**********  0.005297 -0.000013201307.422
   1.54695  0.49886 -0.03250 -1.23352**********  0.002959 -0.000023463902.344
   1.56977  0.52164 -0.03120 -1.23350**********  0.069014 -0.000001 23682.408
   1.59258  0.54442 -0.03000 -1.23352**********  0.003231 -0.000021609148.563
   1.61541  0.56720 -0.02840 -1.23352**********  0.004236 -0.000016623285.063
   1.63824  0.58998 -0.02690 -1.23351**********  0.006895 -0.000010458748.031
   1.66109  0.61276 -0.02510 -1.23348**********  6.428590 -0.000000   421.133
   1.68398  0.63554 -0.02290 -1.23478**********  1.118613 -0.000000  2894.367
   1.70688  0.65831 -0.02050 -1.23480**********  0.006381 -0.000011563751.313
   1.72985  0.68109 -0.01750 -1.23480**********  0.004683 -0.000014932459.875
   1.75284  0.70387 -0.01440 -1.23479**********  0.052422 -0.000001 94559.914
   1.77589  0.72665 -0.01093 -1.23480**********  0.004461 -0.000015**********
   1.79895  0.74943 -0.00729 -1.23478**********  9.126426 -0.000000   643.453
   1.82203  0.77221 -0.00364 -1.23479**********  0.003792 -0.000018**********
   1.84509  0.79499  0.00000 -1.23479**********  0.005103 -0.000013**********
   1.86804  0.81777  0.00273 -1.23479**********  0.007631 -0.000009**********
   1.89089  0.84055  0.00456 -1.23479**********  0.006142 -0.000011**********
   1.91369  0.86333  0.00547 -1.23479**********  0.004959 -0.000014**********
   1.93646  0.88610  0.00547 -1.23479**********  0.007310 -0.000009**********
   1.95924  0.90888  0.00547 -1.23479**********  1.491805 -0.000000321698.688
   1.98203  0.93166  0.00480 -1.23474******************** -0.000000    97.602
   2.00484  0.95444  0.00364 -1.23474**********  0.027077 -0.000003**********
   2.02769  0.97722  0.00180 -1.23474**********  0.063134 -0.000001**********
   2.05054  1.00000  0.00000 -1.23473******************** -0.000000   169.610
   2.05054  1.00010 -0.00002  0.97937********************  0.000000   169.609
   2.07386  1.02309 -0.00390  0.96891********************  0.000000     4.414
   2.10142  1.05041 -0.00754  0.96784********************  0.000000     4.212
   2.13401  1.08278 -0.01127  0.96551********************  0.000000     3.902
   2.17253  1.12111 -0.01519  0.95751********************  0.000000     3.410
   2.21809  1.16647 -0.01935  0.94117********************  0.000000     2.367
   2.27195  1.22015 -0.02380  0.94855********************  0.000000     2.222
   2.33563  1.28365 -0.02858  0.93919********************  0.000000     2.419
   2.41092  1.35876 -0.03373  0.94828********************  0.000000     2.226
   2.49993  1.44760 -0.03930  0.97054********************  0.000000     7.258
   2.60518  1.55268 -0.04533  0.97322********************  0.000000     9.608
   2.72962  1.67694 -0.05188  0.97630********************  0.000000    13.603
   2.87674  1.82389 -0.05900  0.97928********************  0.000000    19.438
   3.05068  1.99766 -0.06675  0.98229********************  0.000000    28.638
