#    s        x        y     Ue/Vinf    Dstar     Theta      Cf       H
   0.00000  1.00000  0.00000  0.98402  0.005888  0.002075  0.000251     2.838
   0.02377  0.97722  0.00680  1.15832  0.001487  0.001041  0.005163     1.428
   0.04741  0.95444  0.01310  1.15139  0.001470  0.001018  0.005003     1.445
   0.07099  0.93166  0.01920  1.17604  0.001272  0.000901  0.005698     1.411
   0.09443  0.90888  0.02470  1.16389  0.001268  0.000885  0.005441     1.432
   0.11783  0.88610  0.03007  1.16930  0.001181  0.000824  0.005597     1.433
   0.14117  0.86333  0.03520  1.17028  0.001122  0.000775  0.005568     1.449
   0.16447  0.84055  0.04009  1.15832  0.001146  0.000757  0.004946     1.514
   0.18782  0.81777  0.04520  1.18215  0.001027  0.000663  0.005049     1.548
   0.21110  0.79499  0.05000  1.18314  0.001067  0.000624  0.003944     1.710
   0.23435  0.77221  0.05467  1.21119  0.001045  0.000544  0.003031     1.921
   0.25745  0.74943  0.05850  1.19867  0.001630  0.000557  0.000528     2.927
   0.28064  0.72665  0.06287  1.21042  0.001541  0.000526  0.000565     2.926
   0.30371  0.70387  0.06651  1.20968  0.001729  0.000525  0.000257     3.294
   0.32684  0.68109  0.07050  1.22788  0.001270  0.000483  0.001025     2.630
   0.34986  0.65831  0.07380  1.21912  0.001519  0.000494  0.000456     3.074
   0.37290  0.63554  0.07730  1.23662  0.001176  0.000456  0.001181     2.581
   0.39586  0.61276  0.08018  1.22723  0.001374  0.000466  0.000619     2.951
   0.41884  0.58998  0.08320  1.24364  0.001097  0.000430  0.001317     2.550
   0.44175  0.56720  0.08565  1.23618  0.001205  0.000434  0.000911     2.775
   0.46465  0.54442  0.08800  1.23962  0.001175  0.000422  0.000920     2.788
   0.48754  0.52164  0.09021  1.24678  0.001079  0.000403  0.001157     2.679
   0.51039  0.49886  0.09203  1.24295  0.001198  0.000402  0.000688     2.980
   0.53324  0.47608  0.09390  1.25227  0.001094  0.000382  0.000899     2.865
   0.55609  0.45330  0.09567  1.27652  0.000799  0.000339  0.002266     2.358
   0.57889  0.43052  0.09658  1.25720  0.000917  0.000349  0.001465     2.624
   0.60169  0.40774  0.09740  1.27259  0.000731  0.000317  0.002597     2.305
   0.62446  0.38497  0.09749  1.24819  0.000851  0.000330  0.001645     2.582
   0.64724  0.36219  0.09749  1.24667  0.000850  0.000320  0.001509     2.656
   0.67002  0.33941  0.09740  1.25414  0.000751  0.000299  0.002023     2.512
   0.69280  0.31663  0.09690  1.25413  0.000686  0.000283  0.002419     2.427
   0.71560  0.29385  0.09590  1.24049  0.000743  0.000281  0.001755     2.639
   0.73841  0.27107  0.09476  1.25117  0.000604  0.000254  0.002892     2.375
   0.76127  0.24829  0.09294  1.22904  0.000741  0.000260  0.001336     2.848
   0.78412  0.22551  0.09112  1.24750  0.000580  0.000229  0.002542     2.535
   0.80704  0.20273  0.08860  1.24591  0.000500  0.000208  0.003386     2.401
   0.83007  0.17995  0.08520  1.22671  0.000507  0.000199  0.002817     2.548
   0.85321  0.15718  0.08109  1.22196  0.000366  0.000170  0.005735     2.150
   0.87663  0.13440  0.07563  1.14915  0.000556  0.000191  0.001542     2.901
   0.90006  0.11162  0.07016  1.17230  0.000329  0.000147  0.005666     2.237
   0.92398  0.08884  0.06287  1.08547  0.000334  0.000145  0.004894     2.296
   0.94819  0.06606  0.05467  1.04779  0.000359  0.000128  0.002522     2.796
   0.97308  0.04328  0.04465  0.98743  0.000173  0.000084  0.010429     2.072
   0.98370  0.03417  0.03918  0.85416  0.000289  0.000105  0.002696     2.754
   0.99433  0.02506  0.03371  0.84230  0.000166  0.000073  0.007860     2.264
   1.00600  0.01595  0.02642  0.66099  0.000155  0.000070  0.006923     2.215
   1.01889  0.00683  0.01731  0.43089  0.000131  0.000056  0.004763     2.334
   1.02748  0.00228  0.01002  0.11666  0.000072  0.000032  0.002578     2.230
   1.03776  0.00000  0.00000 -0.71034  0.000072  0.000032  0.015699     2.230
   1.04368  0.00228 -0.00547 -0.91571  0.000117  0.000047  0.009975     2.467
   1.05152  0.00683 -0.01185 -1.30630  0.000083  0.000040  0.028119     2.101
   1.06185  0.01595 -0.01670 -1.31569  0.001696  0.000049 -0.001509    34.743
   1.07155  0.02506 -0.02005 -1.30354  0.002593  0.000066 -0.001107    39.429
   1.08106  0.03417 -0.02278 -1.23852  0.002782  0.000228 -0.000318    12.194
   1.09032  0.04328 -0.02440 -1.23980  0.127592  0.000141 -0.000338   903.902
   1.11352  0.06606 -0.02880 -1.23612  1.730718  0.001984 -0.000034   872.238
   1.13651  0.08884 -0.03189 -1.23542  2.674146  0.003210 -0.000021   833.120
   1.15945  0.11162 -0.03462 -1.23477  3.482304  0.004826 -0.000014   721.552
   1.18228  0.13440 -0.03620 -1.23422  4.198468  0.006539 -0.000010   642.034
   1.20509  0.15718 -0.03736 -1.23360  4.792214  0.008847 -0.000008   541.698
   1.22789  0.17995 -0.03840 -1.23301  5.324136  0.011282 -0.000006   471.901
   1.25068  0.20273 -0.03918 -1.23258  5.878064  0.013251 -0.000005   443.588
   1.27346  0.22551 -0.03940 -1.23322  6.994130  0.009803 -0.000007   713.486
   1.29624  0.24829 -0.03960 -1.23356 13.628823  0.000796 -0.000085 17117.713
   1.31902  0.27107 -0.03960 -1.23357 40.714134  0.000715 -0.000095 56932.316
   1.34180  0.29385 -0.03950 -1.23355 98.345665  0.001422 -0.000048 69151.109
   1.36458  0.31663 -0.03930 -1.23355171.356750  0.001557 -0.000044110031.820
   1.38737  0.33941 -0.03890 -1.23355277.049805  0.002018 -0.000034137287.969
   1.41016  0.36219 -0.03827 -1.23355422.001526  0.002132 -0.000032197966.594
   1.43295  0.38497 -0.03736 -1.23354572.745239  0.003956 -0.000017144771.219
   1.45574  0.40774 -0.03645 -1.23355754.292847  0.002658 -0.000026283815.688
   1.47854  0.43052 -0.03554 -1.23355**********  0.002845 -0.000024376092.844
   1.50134  0.45330 -0.03462 -1.23355**********  0.003601 -0.000019402896.625
   1.52414  0.47608 -0.03371 -1.23355**********  0.004082 -0.000017454637.094
   1.54695  0.49886 -0.03250 -1.23355**********  0.004084 -0.000017577524.688
   1.56977  0.52164 -0.03120 -1.23354**********  0.009783 -0.000007283059.031
   1.59258  0.54442 -0.03000 -1.23355**********  0.004271 -0.000016768179.000
   1.61541  0.56720 -0.02840 -1.23355**********  0.004576 -0.000015925403.625
   1.63824  0.58998 -0.02690 -1.23354**********  0.008201 -0.000008616363.125
   1.66109  0.61276 -0.02510 -1.23352**********  9.635025 -0.000000   450.865
   1.68398  0.63554 -0.02290 -1.23456**********  1.121699 -0.000000  4634.876
   1.70688  0.65831 -0.02050 -1.23457**********  0.006195 -0.000011933802.563
   1.72985  0.68109 -0.01750 -1.23457**********  0.005992 -0.000011**********
   1.75284  0.70387 -0.01440 -1.23457**********  0.015511 -0.000004502098.625
   1.77589  0.72665 -0.01093 -1.23457**********  0.005822 -0.000012**********
   1.79895  0.74943 -0.00729 -1.23456********** 12.087820 -0.000000   724.948
   1.82203  0.77221 -0.00364 -1.23457**********  0.004555 -0.000015**********
   1.84509  0.79499  0.00000 -1.23457**********  0.005893 -0.000012**********
   1.86804  0.81777  0.00273 -1.23457**********  0.007424 -0.000009**********
   1.89089  0.84055  0.00456 -1.23457**********  0.007266 -0.000009**********
   1.91369  0.86333  0.00547 -1.23457**********  0.005337 -0.000013**********
   1.93646  0.88610  0.00547 -1.23457**********  0.007441 -0.000009**********
   1.95924  0.90888  0.00547 -1.23457**********  2.098546 -0.000000237915.375
   1.98203  0.93166  0.00480 -1.23449******************** -0.000000    97.684
   2.00484  0.95444  0.00364 -1.23450**********  0.034817 -0.000002**********
   2.02769  0.97722  0.00180 -1.23450**********  0.024251 -0.000003**********
   2.05054  1.00000  0.00000 -1.23449******************** -0.000000   169.569
   2.05054  1.00010 -0.00002  0.97937********************  0.000000   169.569
   2.07386  1.02311 -0.00377  0.96892********************  0.000000     4.413
   2.10142  1.05049 -0.00693  0.96784********************  0.000000     4.212
   2.13401  1.08294 -0.00986  0.96551********************  0.000000     3.901
   2.17253  1.12138 -0.01258  0.95749********************  0.000000     3.410
   2.21809  1.16686 -0.01505  0.94107********************  0.000000     2.363
   2.27195  1.22068 -0.01720  0.94853********************  0.000000     2.218
   2.33563  1.28434 -0.01889  0.93909********************  0.000000     2.414
   2.41092  1.35962 -0.01999  0.94824********************  0.000000     2.222
   2.49993  1.44863 -0.02029  0.97055********************  0.000000     7.257
   2.60518  1.55388 -0.01954  0.97322********************  0.000000     9.607
   2.72962  1.67830 -0.01744  0.97630********************  0.000000    13.601
   2.87674  1.82537 -0.01362  0.97928********************  0.000000    19.436
   3.05068  1.99921 -0.00764  0.98229********************  0.000000    28.635
