NACA 1408                                       
 Alfa = -69.66340 Re =  1000000.000 Xflap,Yflap =     0.000000    0.000000
#    x        y        Cp  
   1.00000  0.00084 -0.15984
   0.99428  0.00156  0.16238
   0.98323  0.00294  0.30571
   0.97003  0.00457  0.42327
   0.95594  0.00627  0.50662
   0.94160  0.00797  0.56882
   0.92719  0.00964  0.62230
   0.91276  0.01128  0.66824
   0.89832  0.01289  0.70473
   0.88388  0.01447  0.73832
   0.86943  0.01602  0.76922
   0.85498  0.01754  0.79373
   0.84052  0.01903  0.81962
   0.82606  0.02049  0.83920
   0.81160  0.02192  0.86000
   0.79713  0.02332  0.87639
   0.78266  0.02469  0.89354
   0.76819  0.02603  0.90855
   0.75371  0.02734  0.92188
   0.73923  0.02861  0.93411
   0.72475  0.02986  0.94534
   0.71027  0.03108  0.95501
   0.69579  0.03227  0.96401
   0.68131  0.03342  0.97199
   0.66682  0.03455  0.97882
   0.65234  0.03564  0.98509
   0.63785  0.03670  0.98985
   0.62337  0.03773  0.99381
   0.60888  0.03872  0.99696
   0.59440  0.03968  0.99893
   0.57992  0.04060  0.99991
   0.56544  0.04149  0.99980
   0.55096  0.04234  0.99862
   0.53648  0.04315  0.99616
   0.52200  0.04392  0.99261
   0.50753  0.04465  0.98758
   0.49306  0.04534  0.98144
   0.47860  0.04599  0.97341
   0.46414  0.04659  0.96387
   0.44968  0.04715  0.95294
   0.43523  0.04766  0.93962
   0.42079  0.04812  0.92434
   0.40636  0.04852  0.90656
   0.39196  0.04888  0.88635
   0.37759  0.04916  0.86296
   0.36323  0.04937  0.83696
   0.34889  0.04951  0.80747
   0.33455  0.04957  0.77339
   0.32023  0.04955  0.73556
   0.30592  0.04945  0.69275
   0.29163  0.04927  0.64328
   0.27735  0.04899  0.58847
   0.26310  0.04863  0.52494
   0.24887  0.04816  0.45394
   0.23466  0.04760  0.37150
   0.22048  0.04692  0.27727
   0.20634  0.04614  0.16788
   0.19223  0.04524  0.04198
   0.17817  0.04421 -0.10621
   0.16416  0.04305 -0.28071
   0.15022  0.04175 -0.48908
   0.13635  0.04030 -0.73951
   0.12258  0.03868 -1.04635
   0.10893  0.03688 -1.42719
   0.09543  0.03489 -1.91202
   0.08214  0.03269 -2.53795
   0.06915  0.03027 -3.37750
   0.05663  0.02761 -4.53257
   0.04489  0.02475 -6.15807
   0.03443  0.02179 -8.46409
   0.02573  0.01891-11.64089
   0.01897  0.01628-15.82725
   0.01385  0.01393-21.15702
   0.00998  0.01184-27.89338
   0.00701  0.00993-36.40871
   0.00470  0.00814-47.27296
   0.00292  0.00642-61.04107
   0.00159  0.00473-77.76965
   0.00066  0.00306-95.68045
   0.00014  0.00141*********
   0.00000 -0.00018*********
   0.00023 -0.00177*********
   0.00086 -0.00340*********
   0.00192 -0.00501*********
   0.00341 -0.00659-87.37864
   0.00535 -0.00815-67.06678
   0.00783 -0.00972-56.30677
   0.01100 -0.01134-49.02798
   0.01508 -0.01305-43.20391
   0.02045 -0.01490-38.22168
   0.02752 -0.01688-33.45278
   0.03658 -0.01894-28.53144
   0.04745 -0.02094-25.40811
   0.05959 -0.02275-23.13914
   0.07249 -0.02433-21.29928
   0.08584 -0.02567-19.79181
   0.09947 -0.02680-18.54622
   0.11330 -0.02775-18.00842
   0.12726 -0.02855-17.85509
   0.14132 -0.02920-17.66452
   0.15547 -0.02973-17.55430
   0.16969 -0.03016-17.31626
   0.18395 -0.03048-17.17308
   0.19827 -0.03073-16.99307
   0.21262 -0.03089-16.84151
   0.22700 -0.03099-16.67275
   0.24141 -0.03102-16.52262
   0.25585 -0.03100-16.40178
   0.27031 -0.03093-16.27216
   0.28479 -0.03081-16.15033
   0.29928 -0.03065-16.03635
   0.31379 -0.03045-15.92895
   0.32832 -0.03022-15.82695
   0.34286 -0.02995-15.72951
   0.35741 -0.02966-15.63744
   0.37197 -0.02935-15.54810
   0.38653 -0.02901-15.46231
   0.40110 -0.02866-15.37989
   0.41564 -0.02828-15.30043
   0.43018 -0.02787-15.22371
   0.44473 -0.02744-15.14925
   0.45928 -0.02698-15.07752
   0.47384 -0.02649-15.00766
   0.48840 -0.02599-14.93975
   0.50297 -0.02546-14.87386
   0.51754 -0.02492-14.81027
   0.53212 -0.02435-14.74814
   0.54670 -0.02377-14.68468
   0.56129 -0.02318-14.62511
   0.57588 -0.02257-14.56744
   0.59047 -0.02195-14.51158
   0.60507 -0.02131-14.45659
   0.61966 -0.02066-14.40223
   0.63426 -0.02001-14.34957
   0.64887 -0.01934-14.29864
   0.66347 -0.01866-14.24858
   0.67808 -0.01797-14.19938
   0.69268 -0.01728-14.15108
   0.70729 -0.01657-14.10596
   0.72190 -0.01586-14.06028
   0.73651 -0.01514-14.01524
   0.75112 -0.01442-13.97063
   0.76573 -0.01368-13.92763
   0.78034 -0.01294-13.88610
   0.79495 -0.01219-13.84862
   0.80956 -0.01144-13.80457
   0.82417 -0.01067-13.76477
   0.83878 -0.00990-13.72555
   0.85338 -0.00913-13.68766
   0.86799 -0.00834-13.65020
   0.88259 -0.00755-13.61413
   0.89719 -0.00675-13.57864
   0.91179 -0.00594-13.54267
   0.92639 -0.00512-13.50877
   0.94096 -0.00430-13.47448
   0.95547 -0.00346-13.44232
   0.96973 -0.00264-13.41046
   0.98308 -0.00185-13.38109
   0.99424 -0.00119-13.35683
   1.00000 -0.00084-13.34438
