#    s        x        y     Ue/Vinf    Dstar     Theta      Cf       H
   0.00000  1.00000  0.00000  0.98402  0.005889  0.002075  0.000251     2.838
   0.02377  0.97722  0.00680  1.15829  0.001487  0.001041  0.005162     1.428
   0.04741  0.95444  0.01310  1.15138  0.001471  0.001018  0.005002     1.445
   0.07099  0.93166  0.01920  1.17603  0.001272  0.000901  0.005698     1.411
   0.09443  0.90888  0.02470  1.16388  0.001268  0.000886  0.005441     1.432
   0.11783  0.88610  0.03007  1.16929  0.001182  0.000825  0.005597     1.433
   0.14117  0.86333  0.03520  1.17027  0.001122  0.000775  0.005568     1.449
   0.16447  0.84055  0.04009  1.15832  0.001146  0.000757  0.004946     1.514
   0.18782  0.81777  0.04520  1.18215  0.001027  0.000663  0.005050     1.548
   0.21110  0.79499  0.05000  1.18314  0.001067  0.000624  0.003945     1.710
   0.23435  0.77221  0.05467  1.21119  0.001045  0.000544  0.003032     1.921
   0.25745  0.74943  0.05850  1.19865  0.001630  0.000557  0.000529     2.926
   0.28064  0.72665  0.06287  1.21042  0.001541  0.000526  0.000565     2.926
   0.30371  0.70387  0.06651  1.20968  0.001729  0.000525  0.000257     3.294
   0.32684  0.68109  0.07050  1.22788  0.001270  0.000483  0.001025     2.630
   0.34986  0.65831  0.07380  1.21912  0.001520  0.000494  0.000456     3.074
   0.37290  0.63554  0.07730  1.23662  0.001176  0.000456  0.001181     2.581
   0.39586  0.61276  0.08018  1.22724  0.001374  0.000466  0.000619     2.951
   0.41884  0.58998  0.08320  1.24364  0.001097  0.000430  0.001317     2.550
   0.44175  0.56720  0.08565  1.23618  0.001205  0.000434  0.000911     2.775
   0.46465  0.54442  0.08800  1.23962  0.001175  0.000422  0.000920     2.788
   0.48754  0.52164  0.09021  1.24678  0.001079  0.000403  0.001157     2.679
   0.51039  0.49886  0.09203  1.24296  0.001198  0.000402  0.000688     2.980
   0.53324  0.47608  0.09390  1.25228  0.001094  0.000382  0.000899     2.865
   0.55609  0.45330  0.09567  1.27653  0.000799  0.000339  0.002265     2.358
   0.57889  0.43052  0.09658  1.25720  0.000917  0.000349  0.001465     2.624
   0.60169  0.40774  0.09740  1.27260  0.000731  0.000317  0.002597     2.305
   0.62446  0.38497  0.09749  1.24820  0.000851  0.000330  0.001645     2.582
   0.64724  0.36219  0.09749  1.24668  0.000850  0.000320  0.001509     2.656
   0.67002  0.33941  0.09740  1.25415  0.000751  0.000299  0.002023     2.512
   0.69280  0.31663  0.09690  1.25414  0.000686  0.000283  0.002419     2.427
   0.71560  0.29385  0.09590  1.24051  0.000743  0.000281  0.001755     2.639
   0.73841  0.27107  0.09476  1.25119  0.000604  0.000254  0.002892     2.375
   0.76127  0.24829  0.09294  1.22906  0.000741  0.000260  0.001336     2.848
   0.78412  0.22551  0.09112  1.24752  0.000580  0.000229  0.002542     2.535
   0.80704  0.20273  0.08860  1.24593  0.000500  0.000208  0.003386     2.401
   0.83007  0.17995  0.08520  1.22673  0.000507  0.000199  0.002817     2.548
   0.85321  0.15718  0.08109  1.22198  0.000366  0.000170  0.005735     2.150
   0.87663  0.13440  0.07563  1.14918  0.000556  0.000191  0.001542     2.901
   0.90006  0.11162  0.07016  1.17233  0.000329  0.000147  0.005666     2.237
   0.92398  0.08884  0.06287  1.08551  0.000334  0.000145  0.004894     2.296
   0.94819  0.06606  0.05467  1.04783  0.000359  0.000128  0.002522     2.796
   0.97308  0.04328  0.04465  0.98749  0.000173  0.000084  0.010429     2.072
   0.98370  0.03417  0.03918  0.85423  0.000289  0.000105  0.002696     2.754
   0.99433  0.02506  0.03371  0.84238  0.000166  0.000073  0.007860     2.264
   1.00600  0.01595  0.02642  0.66109  0.000155  0.000070  0.006924     2.215
   1.01889  0.00683  0.01731  0.43103  0.000131  0.000056  0.004764     2.334
   1.02748  0.00228  0.01002  0.11684  0.000072  0.000032  0.002582     2.230
   1.03776  0.00000  0.00000 -0.71004  0.000072  0.000032  0.015691     2.230
   1.04368  0.00228 -0.00547 -0.91545  0.000117  0.000047  0.009974     2.467
   1.05152  0.00683 -0.01185 -1.30599  0.000083  0.000040  0.028109     2.101
   1.06185  0.01595 -0.01670 -1.31537  0.001696  0.000049 -0.001508    34.742
   1.07155  0.02506 -0.02005 -1.30323  0.002594  0.000066 -0.001107    39.437
   1.08106  0.03417 -0.02278 -1.23831  0.002784  0.000228 -0.000318    12.210
   1.09032  0.04328 -0.02440 -1.23959  0.127615  0.000141 -0.000338   904.161
   1.11352  0.06606 -0.02880 -1.23591  1.730807  0.001983 -0.000034   872.618
   1.13651  0.08884 -0.03189 -1.23522  2.674908  0.003201 -0.000021   835.719
   1.15945  0.11162 -0.03462 -1.23458  3.486468  0.004803 -0.000014   725.882
   1.18228  0.13440 -0.03620 -1.23404  4.209139  0.006482 -0.000010   649.320
   1.20509  0.15718 -0.03736 -1.23344  4.814642  0.008715 -0.000008   552.473
   1.22789  0.17995 -0.03840 -1.23289  5.368585  0.010974 -0.000006   489.207
   1.25068  0.20273 -0.03918 -1.23256  5.969844  0.012505 -0.000005   477.399
   1.27346  0.22551 -0.03940 -1.23331  7.218669  0.008261 -0.000008   873.873
   1.29624  0.24829 -0.03960 -1.23359 15.099631  0.000696 -0.000097 21709.260
   1.31902  0.27107 -0.03960 -1.23358 47.727364  0.000750 -0.000090 63651.730
   1.34180  0.29385 -0.03950 -1.23357116.049629  0.001357 -0.000050 85494.500
   1.36458  0.31663 -0.03930 -1.23357203.350357  0.001675 -0.000040121394.281
   1.38737  0.33941 -0.03890 -1.23357327.947235  0.001971 -0.000034166344.906
   1.41016  0.36219 -0.03827 -1.23357498.641937  0.002303 -0.000029216499.859
   1.43295  0.38497 -0.03736 -1.23357682.128601  0.003434 -0.000020198631.344
   1.45574  0.40774 -0.03645 -1.23357892.964905  0.003046 -0.000022293124.781
   1.47854  0.43052 -0.03554 -1.23357**********  0.002769 -0.000024454150.719
   1.50134  0.45330 -0.03462 -1.23357**********  0.003769 -0.000018459040.781
   1.52414  0.47608 -0.03371 -1.23357**********  0.004370 -0.000016501552.188
   1.54695  0.49886 -0.03250 -1.23357**********  0.004076 -0.000017684417.375
   1.56977  0.52164 -0.03120 -1.23356**********  0.009728 -0.000007339571.031
   1.59258  0.54442 -0.03000 -1.23357**********  0.004537 -0.000015858725.000
   1.61541  0.56720 -0.02840 -1.23357**********  0.004840 -0.000014**********
   1.63824  0.58998 -0.02690 -1.23356**********  0.009044 -0.000008651030.875
   1.66109  0.61276 -0.02510 -1.23354********** 11.101834 -0.000000   453.980
   1.68398  0.63554 -0.02290 -1.23455**********  1.221360 -0.000000  4939.596
   1.70688  0.65831 -0.02050 -1.23456**********  0.006462 -0.000011**********
   1.72985  0.68109 -0.01750 -1.23456**********  0.006321 -0.000011**********
   1.75284  0.70387 -0.01440 -1.23456**********  0.015288 -0.000004584425.375
   1.77589  0.72665 -0.01093 -1.23456**********  0.005925 -0.000011**********
   1.79895  0.74943 -0.00729 -1.23455********** 14.949009 -0.000000   671.637
   1.82203  0.77221 -0.00364 -1.23455**********  0.005050 -0.000013**********
   1.84509  0.79499  0.00000 -1.23455**********  0.005879 -0.000012**********
   1.86804  0.81777  0.00273 -1.23455**********  0.008625 -0.000008**********
   1.89089  0.84055  0.00456 -1.23455**********  0.007013 -0.000010**********
   1.91369  0.86333  0.00547 -1.23455**********  0.005543 -0.000012**********
   1.93646  0.88610  0.00547 -1.23455**********  0.007396 -0.000009**********
   1.95924  0.90888  0.00547 -1.23455**********  4.685841 -0.000000112354.297
   1.98203  0.93166  0.00480 -1.23442******************** -0.000000    97.627
   2.00484  0.95444  0.00364 -1.23442**********  0.012659 -0.000005**********
   2.02769  0.97722  0.00180 -1.23442**********  0.042851 -0.000002**********
   2.05054  1.00000  0.00000 -1.23442******************** -0.000000   169.386
   2.05054  1.00010 -0.00002  0.97937********************  0.000000   169.386
   2.07386  1.02313 -0.00363  0.96894********************  0.000000     4.411
   2.10142  1.05056 -0.00630  0.96785********************  0.000000     4.209
   2.13401  1.08308 -0.00839  0.96549********************  0.000000     3.899
   2.17253  1.12158 -0.00986  0.95732********************  0.000000     3.411
   2.21809  1.16713 -0.01058  0.93999********************  0.000000     2.327
   2.27195  1.22099 -0.01032  0.94811********************  0.000000     2.183
   2.33563  1.28465 -0.00883  0.93812********************  0.000000     2.371
   2.41092  1.35988 -0.00575  0.94779********************  0.000000     2.188
   2.49993  1.44875 -0.00064  0.97060********************  0.000000     7.254
   2.60518  1.55371  0.00704  0.97326********************  0.000000     9.602
   2.72962  1.67767  0.01795  0.97633********************  0.000000    13.594
   2.87674  1.82403  0.03288  0.97930********************  0.000000    19.425
   3.05068  1.99684  0.05278  0.98230********************  0.000000    28.618
