#    s        x        y     Ue/Vinf    Dstar     Theta      Cf       H
   0.00000  1.00000  0.00000  0.98402  0.005890  0.002075  0.000251     2.839
   0.02377  0.97722  0.00680  1.15829  0.001487  0.001042  0.005162     1.428
   0.04741  0.95444  0.01310  1.15137  0.001471  0.001018  0.005002     1.445
   0.07099  0.93166  0.01920  1.17603  0.001272  0.000902  0.005698     1.411
   0.09443  0.90888  0.02470  1.16388  0.001268  0.000886  0.005441     1.432
   0.11783  0.88610  0.03007  1.16929  0.001182  0.000825  0.005597     1.433
   0.14117  0.86333  0.03520  1.17027  0.001122  0.000775  0.005568     1.449
   0.16447  0.84055  0.04009  1.15832  0.001146  0.000757  0.004946     1.514
   0.18782  0.81777  0.04520  1.18215  0.001027  0.000663  0.005050     1.548
   0.21110  0.79499  0.05000  1.18314  0.001067  0.000624  0.003945     1.710
   0.23435  0.77221  0.05467  1.21118  0.001045  0.000544  0.003033     1.921
   0.25745  0.74943  0.05850  1.19865  0.001630  0.000557  0.000529     2.926
   0.28064  0.72665  0.06287  1.21042  0.001541  0.000526  0.000565     2.926
   0.30371  0.70387  0.06651  1.20968  0.001729  0.000525  0.000257     3.294
   0.32684  0.68109  0.07050  1.22788  0.001270  0.000483  0.001025     2.630
   0.34986  0.65831  0.07380  1.21912  0.001520  0.000494  0.000456     3.074
   0.37290  0.63554  0.07730  1.23662  0.001176  0.000456  0.001181     2.581
   0.39586  0.61276  0.08018  1.22724  0.001374  0.000466  0.000619     2.951
   0.41884  0.58998  0.08320  1.24365  0.001097  0.000430  0.001317     2.550
   0.44175  0.56720  0.08565  1.23618  0.001205  0.000434  0.000911     2.775
   0.46465  0.54442  0.08800  1.23962  0.001175  0.000422  0.000920     2.788
   0.48754  0.52164  0.09021  1.24678  0.001079  0.000403  0.001157     2.679
   0.51039  0.49886  0.09203  1.24296  0.001198  0.000402  0.000688     2.980
   0.53324  0.47608  0.09390  1.25228  0.001094  0.000382  0.000899     2.865
   0.55609  0.45330  0.09567  1.27653  0.000799  0.000339  0.002265     2.358
   0.57889  0.43052  0.09658  1.25720  0.000917  0.000349  0.001465     2.624
   0.60169  0.40774  0.09740  1.27260  0.000731  0.000317  0.002597     2.305
   0.62446  0.38497  0.09749  1.24820  0.000851  0.000330  0.001645     2.582
   0.64724  0.36219  0.09749  1.24669  0.000850  0.000320  0.001509     2.656
   0.67002  0.33941  0.09740  1.25416  0.000751  0.000299  0.002023     2.512
   0.69280  0.31663  0.09690  1.25414  0.000686  0.000283  0.002419     2.427
   0.71560  0.29385  0.09590  1.24051  0.000743  0.000281  0.001755     2.639
   0.73841  0.27107  0.09476  1.25119  0.000604  0.000254  0.002892     2.375
   0.76127  0.24829  0.09294  1.22906  0.000741  0.000260  0.001336     2.848
   0.78412  0.22551  0.09112  1.24753  0.000580  0.000229  0.002542     2.535
   0.80704  0.20273  0.08860  1.24594  0.000500  0.000208  0.003386     2.401
   0.83007  0.17995  0.08520  1.22673  0.000507  0.000199  0.002817     2.548
   0.85321  0.15718  0.08109  1.22199  0.000366  0.000170  0.005735     2.150
   0.87663  0.13440  0.07563  1.14918  0.000556  0.000191  0.001542     2.901
   0.90006  0.11162  0.07016  1.17234  0.000329  0.000147  0.005666     2.237
   0.92398  0.08884  0.06287  1.08551  0.000334  0.000145  0.004894     2.296
   0.94819  0.06606  0.05467  1.04785  0.000359  0.000128  0.002522     2.796
   0.97308  0.04328  0.04465  0.98750  0.000173  0.000084  0.010429     2.072
   0.98370  0.03417  0.03918  0.85424  0.000289  0.000105  0.002695     2.754
   0.99433  0.02506  0.03371  0.84240  0.000166  0.000073  0.007860     2.264
   1.00600  0.01595  0.02642  0.66111  0.000155  0.000070  0.006924     2.215
   1.01889  0.00683  0.01731  0.43107  0.000131  0.000056  0.004765     2.334
   1.02748  0.00228  0.01002  0.11689  0.000072  0.000032  0.002583     2.230
   1.03776  0.00000  0.00000 -0.70996  0.000072  0.000032  0.015689     2.230
   1.04368  0.00228 -0.00547 -0.91538  0.000117  0.000047  0.009974     2.467
   1.05152  0.00683 -0.01185 -1.30591  0.000083  0.000040  0.028106     2.101
   1.06185  0.01595 -0.01670 -1.31529  0.001696  0.000049 -0.001508    34.742
   1.07155  0.02506 -0.02005 -1.30315  0.002594  0.000066 -0.001107    39.439
   1.08106  0.03417 -0.02278 -1.23826  0.002784  0.000228 -0.000319    12.214
   1.09032  0.04328 -0.02440 -1.23953  0.127621  0.000141 -0.000338   904.224
   1.11352  0.06606 -0.02880 -1.23586  1.730894  0.001983 -0.000034   872.879
   1.13651  0.08884 -0.03189 -1.23517  2.675146  0.003198 -0.000021   836.461
   1.15945  0.11162 -0.03462 -1.23453  3.487758  0.004796 -0.000014   727.203
   1.18228  0.13440 -0.03620 -1.23400  4.212444  0.006465 -0.000011   651.558
   1.20509  0.15718 -0.03736 -1.23340  4.821563  0.008675 -0.000008   555.782
   1.22789  0.17995 -0.03840 -1.23287  5.382231  0.010883 -0.000006   494.535
   1.25068  0.20273 -0.03918 -1.23256  5.997621  0.012295 -0.000006   487.829
   1.27346  0.22551 -0.03940 -1.23334  7.285070  0.007857 -0.000009   927.214
   1.29624  0.24829 -0.03960 -1.23359 15.519469  0.000676 -0.000100 22963.756
   1.31902  0.27107 -0.03960 -1.23359 49.730133  0.000760 -0.000089 65427.527
   1.34180  0.29385 -0.03950 -1.23358121.037903  0.001345 -0.000050 90000.063
   1.36458  0.31663 -0.03930 -1.23358212.277252  0.001711 -0.000040124097.648
   1.38737  0.33941 -0.03890 -1.23358342.225677  0.001959 -0.000035174711.016
   1.41016  0.36219 -0.03827 -1.23358520.295227  0.002355 -0.000029220968.703
   1.43295  0.38497 -0.03736 -1.23357711.790283  0.003369 -0.000020211258.328
   1.45574  0.40774 -0.03645 -1.23357932.351929  0.003115 -0.000022299344.656
   1.47854  0.43052 -0.03554 -1.23357**********  0.002796 -0.000024467977.844
   1.50134  0.45330 -0.03462 -1.23357**********  0.003835 -0.000018468216.531
   1.52414  0.47608 -0.03371 -1.23357**********  0.004354 -0.000016522514.688
   1.54695  0.49886 -0.03250 -1.23357**********  0.004165 -0.000016694251.000
   1.56977  0.52164 -0.03120 -1.23357**********  0.009233 -0.000007370769.000
   1.59258  0.54442 -0.03000 -1.23357**********  0.004617 -0.000015875010.250
   1.61541  0.56720 -0.02840 -1.23357**********  0.004891 -0.000014**********
   1.63824  0.58998 -0.02690 -1.23357**********  0.008997 -0.000008677077.563
   1.66109  0.61276 -0.02510 -1.23355********** 11.468315 -0.000000   455.148
   1.68398  0.63554 -0.02290 -1.23454**********  1.235325 -0.000000  5058.202
   1.70688  0.65831 -0.02050 -1.23455**********  0.006515 -0.000010**********
   1.72985  0.68109 -0.01750 -1.23455**********  0.006391 -0.000011**********
   1.75284  0.70387 -0.01440 -1.23455**********  0.015404 -0.000004599642.500
   1.77589  0.72665 -0.01093 -1.23455**********  0.005995 -0.000011**********
   1.79895  0.74943 -0.00729 -1.23454********** 15.584090 -0.000000   663.847
   1.82203  0.77221 -0.00364 -1.23455**********  0.005151 -0.000013**********
   1.84509  0.79499  0.00000 -1.23455**********  0.005922 -0.000011**********
   1.86804  0.81777  0.00273 -1.23455**********  0.008742 -0.000008**********
   1.89089  0.84055  0.00456 -1.23455**********  0.007035 -0.000010**********
   1.91369  0.86333  0.00547 -1.23455**********  0.005590 -0.000012**********
   1.93646  0.88610  0.00547 -1.23455**********  0.007401 -0.000009**********
   1.95924  0.90888  0.00547 -1.23455**********  5.328331 -0.000000 99118.828
   1.98203  0.93166  0.00480 -1.23440******************** -0.000000    97.600
   2.00484  0.95444  0.00364 -1.23440**********  0.012678 -0.000005**********
   2.02769  0.97722  0.00180 -1.23440**********  0.039290 -0.000002**********
   2.05054  1.00000  0.00000 -1.23440******************** -0.000000   169.377
   2.05054  1.00010 -0.00002  0.97937********************  0.000000   169.377
   2.07386  1.02314 -0.00359  0.96894********************  0.000000     4.411
   2.10142  1.05058 -0.00611  0.96785********************  0.000000     4.209
   2.13401  1.08312 -0.00795  0.96549********************  0.000000     3.899
   2.17253  1.12163 -0.00905  0.95731********************  0.000000     3.411
   2.21809  1.16719 -0.00924  0.93997********************  0.000000     2.327
   2.27195  1.22104 -0.00829  0.94811********************  0.000000     2.183
   2.33563  1.28467 -0.00586  0.93811********************  0.000000     2.370
   2.41092  1.35984 -0.00155  0.94778********************  0.000000     2.187
   2.49993  1.44860  0.00515  0.97060********************  0.000000     7.254
   2.60518  1.55340  0.01485  0.97326********************  0.000000     9.602
   2.72962  1.67710  0.02832  0.97633********************  0.000000    13.594
   2.87674  1.82310  0.04646  0.97930********************  0.000000    19.424
   3.05068  1.99540  0.07037  0.98230********************  0.000000    28.617
