name: fx77w270s
x	y
1.000000	NaN
0.998930	NaN
0.995720	NaN
0.990390	NaN
0.982960	NaN
0.973470	NaN
0.961940	NaN
0.948440	NaN
0.933010	NaN
0.915730	NaN
0.896680	NaN
0.875920	NaN
0.853550	NaN
0.829670	NaN
0.804380	NaN
0.777790	NaN
0.750000	NaN
0.721140	NaN
0.691340	NaN
0.660720	NaN
0.629410	NaN
0.597550	NaN
0.565260	NaN
0.532700	NaN
0.500000	NaN
0.467300	NaN
0.434740	NaN
0.402450	NaN
0.370590	NaN
0.339280	NaN
0.308660	NaN
0.278860	NaN
0.250000	NaN
0.222210	NaN
0.195620	NaN
0.170330	NaN
0.146450	NaN
0.124080	NaN
0.103320	NaN
0.084270	NaN
0.066990	NaN
0.051560	NaN
0.038060	NaN
0.026530	NaN
0.017040	NaN
0.009610	NaN
0.004280	NaN
0.001070	NaN
0.000000	NaN
0.001070	NaN
0.004280	NaN
0.009610	NaN
0.017040	NaN
0.026530	NaN
0.038060	NaN
0.051560	NaN
0.066990	NaN
0.084270	NaN
0.103320	NaN
0.124080	NaN
0.146450	NaN
0.170330	NaN
0.195620	NaN
0.222210	NaN
0.250000	NaN
0.278860	NaN
0.308660	NaN
0.339280	NaN
0.370590	NaN
0.402450	NaN
0.434740	NaN
0.467300	NaN
0.500000	NaN
0.532700	NaN
0.565260	NaN
0.597550	NaN
0.629410	NaN
0.660720	NaN
0.691340	NaN
0.721140	NaN
0.750000	NaN
0.777790	NaN
0.804380	NaN
0.829670	NaN
0.853550	NaN
0.875920	NaN
0.896680	NaN
0.915730	NaN
0.933010	NaN
0.948440	NaN
0.961940	NaN
0.973470	NaN
0.982960	NaN
0.990390	NaN
0.995720	NaN
0.998930	NaN
1.000000	NaN
