name: fx77w270s
Re: 1.000000e+06
Ncrit: 9
AoA_eps: 11.250000
CL_eps: 1.602300
CD_eps: 1.575000e-02
AoA_lift: 15.000000
CL_lift: 1.826600
CD_lift: 2.568000e-02
 alpha	CL	CD	Cm
-19.750000	-1.118200	0.082970	-0.043300
-19.500000	-1.123700	0.080160	-0.043200
-19.250000	-1.124300	0.076770	-0.044500
-18.750000	-1.121200	0.070690	-0.046300
-18.500000	-1.119100	0.067790	-0.047000
-18.250000	-1.115200	0.065170	-0.047500
-18.000000	-1.110400	0.062680	-0.047900
-17.750000	-1.105100	0.060280	-0.048300
-17.500000	-1.098400	0.058090	-0.048500
-17.250000	-1.091600	0.055950	-0.048600
-17.000000	-1.083500	0.053990	-0.048600
-16.750000	-1.074900	0.052120	-0.048600
-16.500000	-1.066100	0.050270	-0.048600
-16.250000	-1.055700	0.048630	-0.048400
-16.000000	-1.045500	0.046970	-0.048300
-15.750000	-1.034800	0.045420	-0.048000
-15.500000	-1.022800	0.044020	-0.047800
-15.250000	-1.010900	0.042610	-0.047500
-15.000000	-0.999100	0.041230	-0.047200
-14.750000	-0.986100	0.039980	-0.046800
-14.500000	-0.972900	0.038780	-0.046400
-14.250000	-0.960100	0.037580	-0.045900
-14.000000	-0.947000	0.036420	-0.045400
-13.750000	-0.932800	0.035370	-0.044900
-13.500000	-0.918400	0.034350	-0.044400
-13.250000	-0.904300	0.033310	-0.043800
-13.000000	-0.889400	0.032350	-0.043300
-12.750000	-0.873600	0.031440	-0.042800
-12.500000	-0.857900	0.030540	-0.042300
-12.250000	-0.842100	0.029650	-0.041700
-12.000000	-0.825500	0.028830	-0.041200
-11.750000	-0.808800	0.028000	-0.040700
-11.500000	-0.792300	0.027140	-0.040200
-11.250000	-0.775200	0.026320	-0.039700
-11.000000	-0.758300	0.025490	-0.039100
-10.750000	-0.741800	0.024640	-0.038600
-10.500000	-0.724900	0.023810	-0.038000
-10.250000	-0.709000	0.022910	-0.037400
-10.000000	-0.690300	0.022180	-0.037000
-9.750000	-0.670700	0.021520	-0.036600
-9.500000	-0.651100	0.020850	-0.036300
-9.250000	-0.632100	0.020160	-0.035900
-9.000000	-0.612800	0.019530	-0.035400
-8.750000	-0.593700	0.018960	-0.034800
-8.500000	-0.574700	0.018440	-0.034000
-8.250000	-0.557100	0.017920	-0.032900
-8.000000	-0.542300	0.017500	-0.031200
-7.750000	-0.532100	0.017200	-0.028400
-7.500000	-0.513400	0.016940	-0.027000
-7.250000	-0.492700	0.016680	-0.026100
-7.000000	-0.470500	0.016480	-0.025300
-6.750000	-0.447200	0.016330	-0.024700
-6.500000	-0.423700	0.016120	-0.024200
-6.250000	-0.398900	0.015890	-0.023800
-6.000000	-0.374000	0.015640	-0.023500
-5.750000	-0.348600	0.015390	-0.023200
-5.500000	-0.323200	0.015130	-0.023000
-5.250000	-0.298200	0.014820	-0.022700
-5.000000	-0.273000	0.014500	-0.022500
-4.750000	-0.246700	0.014240	-0.022500
-4.500000	-0.219900	0.014000	-0.022500
-4.250000	-0.193500	0.013690	-0.022500
-4.000000	-0.167700	0.013310	-0.022500
-3.750000	-0.142700	0.012820	-0.022500
-3.500000	-0.117400	0.012280	-0.022500
-3.250000	-0.092600	0.011600	-0.022500
-3.000000	-0.068700	0.010660	-0.022500
-2.750000	-0.041500	0.010220	-0.022700
-2.500000	-0.010100	0.010340	-0.023400
-2.250000	0.021800	0.010510	-0.024200
-2.000000	0.053200	0.010650	-0.024900
-1.750000	0.084800	0.010840	-0.025600
-1.500000	0.116600	0.011130	-0.026300
-1.250000	0.147600	0.011410	-0.026900
-1.000000	0.178800	0.011930	-0.027400
-0.750000	0.210000	0.012360	-0.028100
-0.500000	0.241900	0.012570	-0.028900
-0.250000	0.272700	0.012420	-0.029700
0.000000	0.304000	0.012420	-0.030500
0.250000	0.335300	0.012430	-0.031300
0.500000	0.366500	0.012440	-0.032100
0.750000	0.397800	0.012460	-0.032900
1.000000	0.429000	0.012490	-0.033800
1.250000	0.460200	0.012540	-0.034600
1.500000	0.491300	0.012590	-0.035400
1.750000	0.522400	0.012630	-0.036200
2.000000	0.553400	0.012670	-0.037100
2.250000	0.584400	0.012720	-0.037900
2.500000	0.615300	0.012760	-0.038700
2.750000	0.646200	0.012800	-0.039600
3.000000	0.677000	0.012840	-0.040400
3.250000	0.707700	0.012880	-0.041300
3.500000	0.738400	0.012920	-0.042100
3.750000	0.768800	0.012990	-0.042900
4.000000	0.799100	0.013100	-0.043700
4.250000	0.829000	0.013320	-0.044500
4.500000	0.858700	0.013600	-0.045300
4.750000	0.889000	0.013640	-0.046000
5.000000	0.919100	0.013680	-0.046800
5.250000	0.949200	0.013730	-0.047600
5.500000	0.979100	0.013780	-0.048300
5.750000	1.008900	0.013840	-0.049100
6.000000	1.038500	0.013820	-0.049800
6.250000	1.067900	0.013820	-0.050500
6.500000	1.097300	0.013830	-0.051200
6.750000	1.126600	0.013860	-0.051900
7.000000	1.155800	0.013910	-0.052600
7.250000	1.184800	0.013960	-0.053300
7.500000	1.213700	0.014020	-0.053900
7.750000	1.242300	0.014090	-0.054500
8.000000	1.270600	0.014170	-0.055000
8.250000	1.298500	0.014290	-0.055500
8.500000	1.326000	0.014500	-0.056000
8.750000	1.353300	0.014770	-0.056500
9.000000	1.380400	0.014840	-0.056800
9.250000	1.407300	0.014920	-0.057200
9.500000	1.433800	0.015010	-0.057500
9.750000	1.460000	0.015100	-0.057700
10.000000	1.485900	0.015210	-0.057900
10.250000	1.511300	0.015300	-0.058000
10.500000	1.536200	0.015380	-0.058000
10.750000	1.560100	0.015470	-0.057800
11.000000	1.582900	0.015580	-0.057500
11.250000	1.602300	0.015750	-0.056500
11.500000	1.618500	0.016050	-0.055100
11.750000	1.636000	0.016240	-0.053900
12.000000	1.655600	0.016460	-0.053100
12.250000	1.675700	0.016730	-0.052600
12.500000	1.695400	0.017020	-0.052100
12.750000	1.712600	0.017420	-0.051200
13.000000	1.725900	0.018040	-0.050000
13.250000	1.744300	0.018500	-0.049600
13.500000	1.763100	0.018960	-0.049300
13.750000	1.778700	0.019610	-0.048700
14.000000	1.790300	0.020510	-0.047800
14.250000	1.796900	0.021790	-0.046700
14.500000	1.812600	0.022640	-0.046500
14.750000	1.823500	0.023830	-0.046100
15.000000	1.826600	0.025680	-0.045300
15.250000	1.820600	0.028390	-0.044400
15.500000	1.826100	0.030310	-0.044300
15.750000	1.816700	0.033570	-0.043700
16.000000	1.786500	0.038760	-0.042400
16.250000	1.764900	0.043250	-0.041600
16.500000	1.729800	0.049060	-0.040500
16.750000	1.678100	0.056550	-0.039100
17.000000	1.646500	0.062320	-0.038500
17.250000	1.608700	0.068780	-0.037800
17.500000	1.579400	0.074530	-0.037500
17.750000	1.553400	0.079970	-0.037300
18.000000	1.530800	0.085190	-0.037400
18.250000	1.513100	0.089880	-0.037500
