name: NACA 1408
Re: 3.000000e+06
Ncrit: 9
AoA_eps: 7.500000
CL_eps: 0.909200
CD_eps: 1.098000e-02
AoA_lift: 8.000000
CL_lift: 0.957400
CD_lift: 1.209000e-02
 alpha	CL	CD	Cm
-5.000000	-0.425000	0.008840	-0.020300
-4.500000	-0.370600	0.009050	-0.021100
5.000000	0.647900	0.009700	-0.028700
5.500000	0.702300	0.009420	-0.029800
6.000000	0.754700	0.009640	-0.030200
6.500000	0.806400	0.010060	-0.030400
7.000000	0.858100	0.010450	-0.030500
7.500000	0.909200	0.010980	-0.030500
8.000000	0.957400	0.012090	-0.029800
